protIDs,surfaces,prot_lengths,surface_seq,frac_mod_beta_list,frac_mod_alfa_list,frac_exp_alfa_list,frac_k_minus_r,frac_neg,frac_pos,frac_charged,pos_minus_neg,exp_score,iso_point,charge,aromatic_counts,aromatic_fracs,aromaticitys,weights,radius,instability,b_factor
P37757,13520.29603721408,290,46.621710473152,0.42857142857142855,0.0,0.0,-0.0,0.0009765625,0.0,0.0009765625,-0.0009765625,-0.2857142857142857,4.572037696838379,-3.141370589622426,2,0.006896551724137931,0.06060606060606061,3694.1917999999987,19.2694454748236,29.0090909090909,30.85359909909916
P0ABK9,20506.568170552844,441,46.50015458175248,0.45454545454545453,0.3134920634920635,0.1865079365079365,0.0453514739229025,0.00030851342804695574,0.00035993233272144836,0.0006684457607684042,5.1418904674492615e-05,0.0,6.286358451843263,-5.144425542108486,35,0.07936507936507936,0.07936507936507936,49472.34420000008,22.642191295793964,34.723356009070294,14.878711162255478
P33371,13494.940637243066,317,42.570790653763616,0.09090909090909091,0.2671232876712329,0.18493150684931506,-0.02208201892744479,0.00035824816646598133,0.0003781508423807581,0.0007363990088467394,1.990267591477676e-05,-0.1111111111111111,6.135735130310058,-2.682911904642353,21,0.06624605678233439,0.06624605678233439,35357.23990000001,19.67091556512467,38.08832807570978,27.100185558693045
Q46822,8067.149487840103,153,52.726467240784984,0.2653061224489796,0.3023255813953488,0.3023255813953488,-0.0392156862745098,0.0006834977999914563,0.0006834977999914563,0.0013669955999829125,0.0,-0.4,5.917359733581542,-1.991699783116502,16,0.10457516339869281,0.10457516339869281,17372.560899999986,14.480850493276678,28.040522875816986,21.46362224039246
P07024,21874.042363679357,525,41.66484259748449,0.24528301886792453,0.2802547770700637,0.17197452229299362,0.04,0.00025396825396825396,0.00023945578231292518,0.0004934240362811791,-1.4512471655328779e-05,0.0,5.398362922668457,-12.310942919698697,46,0.08761904761904762,0.08761904761904762,58208.100200000015,24.53159019508779,20.82933333333335,36.29739024390236
P76084,7687.174345478906,126,61.00932020221354,0.0,0.0,1.0,0.0,0.0,0.01,0.01,0.01,-0.5,8.617762947082522,2.0813538980482003,7,0.05555555555555555,0.08045977011494253,9266.266999999996,15.10389058774332,50.70804597701147,34.88792993630577
P45548,11230.081580858063,291,38.5913456386875,0.08695652173913043,0.27586206896551724,0.20689655172413793,-0.027491408934707903,0.0004251248804336274,0.0003896978070641584,0.0008148226874977858,-3.5427073369469013e-05,0.0,5.250013160705565,-11.656551803631295,24,0.08247422680412371,0.08247422680412371,32783.86060000006,17.682223611614347,35.614089347079045,12.316251632564198
P77689,17026.18677395068,410,41.527284814513855,0.0,0.3,0.7,0.0,0.0,0.006944444444444444,0.006944444444444444,0.006944444444444444,-0.6666666666666666,6.404526710510253,-4.372974817318884,23,0.05609756097560976,0.05778894472361809,44074.176900000064,20.987368559340812,39.674648241206036,25.263726902599416
P08200,19253.11125069205,416,46.2815174295482,0.1891891891891892,0.3045977011494253,0.1724137931034483,0.033653846153846145,0.0003351516272189349,0.00028892381656804735,0.0006240754437869823,-4.622781065088754e-05,-0.11764705882352941,5.151624870300291,-12.04291916347536,31,0.07451923076923077,0.07451923076923077,45756.18410000003,22.432009696438616,34.72908653846153,28.659610591900282
P28305,12973.226536461858,269,48.22760794223739,0.1951219512195122,0.2625,0.3,-0.044609665427509285,0.000345489973880958,0.00037312917179143463,0.0007186191456723926,2.763919791047662e-05,-0.1,6.0813402175903315,-3.0314813331986095,17,0.06319702602230483,0.06319702602230484,29714.750000000004,19.02875040854324,43.792193308550196,21.958407888407866
P0A855,17537.58482123018,412,42.566953449587814,0.2611111111111111,0.2619047619047619,0.23809523809523808,-0.01466992665036675,0.00018531692182614882,0.00020325081748674386,0.00038856773931289273,1.793389566059504e-05,-0.18181818181818182,7.022423362731933,0.021624178953063455,0,0.0,0.0,429.4332,22.684683891833874,6.666666666666667,12.585334835801682
P27838,6204.910281990888,106,58.53688945274422,0.47058823529411764,0.30303030303030304,0.24242424242424243,-0.018867924528301886,0.00177999288002848,0.0007119971520113919,0.002491990032039872,-0.001067995728017088,0.0,4.240666389465332,-14.220416980378687,11,0.10377358490566038,0.10377358490566038,12231.265699999989,13.359144206668441,40.425471698113185,19.531506373117015
P06715,20749.441422937292,448,46.3157174619136,0.26495726495726496,0.3067484662576687,0.2147239263803681,0.013392857142857144,0.00025908801020408165,0.0002640704719387755,0.0005231584821428572,4.982461734693829e-06,-0.07142857142857142,5.641576957702637,-11.007793607248026,34,0.07589285714285714,0.07589285714285714,48539.64730000004,23.837546398812574,26.568080357142843,21.46216461628586
P06999,13724.099123017304,304,45.14506290466218,0.24615384615384617,0.2830188679245283,0.16981132075471697,0.0034722222222222238,0.00036168981481481485,0.0002893518518518519,0.0006510416666666666,-7.233796296296296e-05,0.0,6.736068534851075,-0.1633906686724349,2,0.006578947368421052,0.125,1913.1151,19.076808344342073,16.8,24.859114886008058
P32056,8656.897594645721,160,54.10560996653576,0.19607843137254902,0.41304347826086957,0.2608695652173913,-0.0625,0.0008203125000000001,0.0006640624999999999,0.001484375,-0.00015625000000000014,-0.2857142857142857,5.051076698303221,-7.114015653114517,22,0.1375,0.1375,18404.444,15.253233138094199,42.131375,12.580874904067532
P28629,32087.487471440912,755,42.499983405882006,0.1951219512195122,0.2727272727272727,0.22570532915360503,-0.005298013245033109,0.00016490504802420947,0.00014736195780886804,0.0003122670058330775,-1.7543090215341428e-05,-0.14285714285714285,5.123375892639159,-32.29256156493091,77,0.10198675496688742,0.10198675496688742,84424.28420000033,29.70858693853227,31.68305960264906,25.014440141437934
P77555,15360.863892267418,337,45.581198493375126,0.2711864406779661,0.3103448275862069,0.21379310344827587,-0.014836795252225522,0.00029057225123052944,0.0003081826906990464,0.0005987549419295758,1.761043946851696e-05,-0.125,5.757471656799316,-7.524926982836124,27,0.08011869436201781,0.0801186943620178,36585.239799999996,20.05165623022492,31.148664688427303,33.56801244651879
P0A6Q3,8517.959196307926,166,51.31300720667425,0.3770491803278688,0.1935483870967742,0.16129032258064516,0.012048192771084335,0.00065321527072144,0.0006895050079837422,0.0013427202787051826,3.628973726230221e-05,-0.16666666666666666,6.909882164001465,-0.08991670072053282,17,0.10240963855421686,0.10240963855421686,18316.122300000003,15.455629817823967,21.64584337349396,26.082937062937074
P68767,21209.951705216867,503,42.16690199844307,0.10784313725490197,0.22772277227722773,0.1485148514851485,-0.015904572564612328,0.00021738357133540702,0.0002490029998932844,0.00046638657122869147,3.1619428557877374e-05,-0.04,6.815415763854981,-0.6219650829594201,30,0.05964214711729622,0.05964214711729622,54879.20500000006,25.32130278260641,40.51093439363816,32.20586843473727
P63177,13085.340367336896,235,55.68229943547615,0.0,0.0,0.0,0.0,0.0,0.0,0.0,0.0,0.0,8.294647407531738,0.788764059928285,1,0.00425531914893617,0.04,2551.8726999999994,20.29398143765724,43.49600000000001,60.15115320334258
P0AAZ4,24118.577897959414,414,58.25743453613385,0.4166666666666667,0.3023255813953488,0.4186046511627907,-0.08571428571428572,0.0007256235827664399,0.0014512471655328798,0.00217687074829932,0.0007256235827664399,-0.25,5.224719810485838,-2.0669239089184837,10,0.024154589371980676,0.1694915254237288,6900.5033,32.19155228436709,35.83050847457627,54.26457506203461
Q46829,19283.01894908493,470,41.02769989167006,0.17073170731707318,0.22758620689655173,0.21379310344827587,0.015384615384615385,0.00038816568047337274,0.00041656804733727806,0.0008047337278106508,2.840236686390532e-05,-0.2727272727272727,5.05084934234619,-5.075635489825501,23,0.04893617021276596,0.1586206896551724,16820.583399999996,21.34305439976202,27.95241379310344,23.31601977107181
P0A877,13280.5762377506,258,51.47510169670775,0.5,0.20833333333333334,0.6666666666666666,0.017857142857142856,0.002869897959183673,0.0009566326530612245,0.0038265306122448974,-0.0019132653061224487,-0.2857142857142857,9.170192527770997,2.016647357187688,3,0.011627906976744186,0.03614457831325302,8672.002699999995,18.373324633970046,39.328915662650594,31.10879591836736
P0AFU8,11290.686569077945,206,54.80915810232012,0.2823529411764706,0.3404255319148936,0.40425531914893614,0.014563106796116505,0.0005655575454802526,0.0005891224432085964,0.001154679988688849,2.3564897728343818e-05,-0.18181818181818182,5.79867992401123,-4.878719678123154,11,0.05339805825242718,0.05339805825242718,22746.93920000001,18.0710055162344,18.590776699029117,40.41294413057129
P0AF18,15662.882766916577,381,41.109928522090755,0.44,0.30303030303030304,0.3333333333333333,0.02142857142857143,0.0007653061224489794,0.0006122448979591836,0.0013775510204081633,-0.0001530612244897958,-0.1111111111111111,6.197121238708497,-2.1855322969056488,15,0.03937007874015748,0.06224066390041494,25590.15390000001,20.72166229013835,18.798340248962646,15.672445993031406
P0ADA1,8961.595902926165,179,50.0647815805931,0.0,0.4,0.6,0.0,0.0020811654526534857,0.0,0.0020811654526534857,-0.0020811654526534857,-0.4,6.7012830734252935,-0.3479348531310169,13,0.07262569832402235,0.08843537414965985,16712.932799999988,15.50740036481053,59.38911564625851,42.74498587570623
P0A752,10648.684672351945,213,49.99382475282603,0.26666666666666666,0.32608695652173914,0.20652173913043478,-0.018779342723004692,0.0005289955696621041,0.0005069540875928497,0.0010359496572549538,-2.2041482069254403e-05,0.0,5.456963920593262,-7.780283099500831,19,0.0892018779342723,0.0892018779342723,24527.63980000001,17.159141266138832,48.917370892018766,33.65969417195617
P0ACU2,10596.803942726365,196,54.06532623839982,0.0,0.3161290322580645,0.2709677419354839,0.010204081632653059,0.0005466472303206997,0.0005726780508121616,0.0011193252811328614,2.6030820491461902e-05,-0.14285714285714285,6.30591106414795,-1.2585703680494937,20,0.10204081632653061,0.10204081632653061,22014.382799999992,18.539093237044614,28.4877551020408,26.653415744957694
P69441,10926.237064617153,214,51.05718254493997,0.24324324324324326,0.4,0.24761904761904763,0.023364485981308407,0.0007205869508253996,0.000676915014411739,0.0013975019652371383,-4.36719364136606e-05,0.0,5.551373481750488,-4.203487509973797,12,0.056074766355140186,0.05607476635514018,23585.735300000008,16.62752873690123,19.56355140186915,32.09544685990341
P05804,25180.098801909902,590,42.678133562559154,0.0,0.0,0.0,0.0,0.0,0.0,0.0,0.0,0.0,6.0014245986938475,-0.23808692483648786,1,0.001694915254237288,0.1,1061.1055,24.49600141830603,29.750000000000004,55.641935142009345
P0AFI7,12058.806476791633,195,61.840033214316065,0.0,0.29411764705882354,0.6470588235294118,-0.09090909090909091,0.0027548209366391185,0.0027548209366391185,0.005509641873278237,0.0,0.0,9.76736316680908,4.037698449432897,13,0.06666666666666667,0.14285714285714285,10833.09369999999,19.56744750701458,45.37692307692305,25.05781366459631
P0AF93,6711.511922535926,126,53.265967639174015,0.23076923076923078,0.3684210526315789,0.18421052631578946,0.03809523809523809,0.0008163265306122449,0.0005442176870748299,0.0013605442176870747,-0.000272108843537415,-0.2857142857142857,8.55877437591553,0.7415125351166232,0,0.0,0.0,2404.8496999999998,13.640342391117485,91.57619047619048,7.536296691568829
P37672,16166.406266485914,317,50.99812702361487,0.0,0.4090909090909091,0.5,0.0,0.003333333333333333,0.0022222222222222222,0.005555555555555556,-0.001111111111111111,0.0,4.750739479064941,-3.139037307501897,3,0.00946372239747634,0.06382978723404255,5285.750000000002,20.13628762836539,14.37234042553192,24.930139230139222
P0A9D4,11758.773289742794,253,46.47736478159207,0.0,0.19047619047619047,0.8095238095238095,0.0,0.006944444444444444,0.0,0.006944444444444444,-0.006944444444444444,0.0,5.076711082458496,-1.151603436616266,1,0.003952569169960474,0.16666666666666666,716.6988999999999,18.4561549124804,-34.0,26.973637322087487
P76270,7827.866362362334,159,49.23186391422852,0.3333333333333333,0.27419354838709675,0.24193548387096775,-0.012578616352201255,0.0007911079466793244,0.0005142201653415609,0.0013053281120208853,-0.00027688778133776355,-0.14285714285714285,4.657409858703613,-8.0654589388117,15,0.09433962264150944,0.09433962264150944,17604.79409999999,14.57330901482851,36.32716981132074,28.441866340668312
P0ADV9,7741.561980676769,124,62.43195145707072,0.42857142857142855,0.0,0.0,0.061224489795918366,0.0016659725114535609,0.0020824656393169513,0.003748438150770512,0.00041649312786339043,-0.2,9.693482398986816,1.7655059974119274,1,0.008064516129032258,0.047619047619047616,2476.7865000000006,15.33973317363365,53.99523809523809,43.280858283433176
P41409,12651.835921775446,302,41.89349642972002,0.3333333333333333,0.16,0.44,-0.012658227848101267,0.001121615125781125,0.000801153661272232,0.001922768787053357,-0.0003204614645088929,-0.4,5.649591255187987,-1.1574892457864348,12,0.039735099337748346,0.14814814814814814,9231.5006,18.1034940134693,15.212469135802472,16.3884880174292
P09147,14088.813875268572,338,41.68288128777684,0.26229508196721313,0.2446043165467626,0.16546762589928057,-0.005917159763313605,0.00031511501698119817,0.0003501277966457757,0.0006652428136269739,3.501277966457754e-05,0.0,5.886950874328612,-7.354790230029582,28,0.08284023668639054,0.08284023668639054,37264.66520000002,19.231035650680823,34.861242603550295,17.174710586443254
P17952,21237.522931726115,461,46.068379461444934,0.0,0.0,1.0,0.0,0.0,0.0,0.0,0.0,0.0,9.699800300598145,1.7610258342053542,0,0.0,0.0,3512.149300000001,22.814798373576455,39.185294117647054,48.719606345475846
P75914,9946.873042931966,234,42.50800445697421,0.1875,0.3111111111111111,0.35555555555555557,0.037500000000000006,0.0006640625,0.0008203125,0.001484375,0.00015624999999999992,-0.4,4.6067094802856445,-5.148308139641443,6,0.02564102564102564,0.08108108108108109,8108.142499999995,16.469040582944267,50.39864864864863,38.02442841287455
P0AFM2,13809.973253761531,309,44.69247007689816,0.2,0.3357664233576642,0.2116788321167883,0.06796116504854369,0.00032467192425718203,0.0003246719242571821,0.0006493438485143641,5.421010862427522e-20,-0.1,5.6539110183715815,-5.59274888777524,32,0.10355987055016182,0.1035598705501618,33726.44430000003,20.58020753984546,18.85540453074433,11.57634187316254
P77202,12569.082992895543,229,54.88682529648709,0.26785714285714285,0.3409090909090909,0.23863636363636365,0.074235807860262,0.0004385881276100761,0.0004576571766366011,0.0008962453042466773,1.9069049026525003e-05,0.0,7.007133674621582,0.006540658397771182,20,0.08733624454148471,0.08733624454148471,25415.98430000001,22.80605638945692,45.01091703056768,17.61683473389354
P08192,16937.82806813262,413,41.01169023760925,0.16666666666666666,0.275,0.2375,-0.02747252747252747,0.0005736022219538703,0.0004830334500664171,0.0010566356720202875,-9.056877188745322e-05,-0.25,5.2153413772583,-9.478674552400435,14,0.03389830508474576,0.06060606060606061,24764.774299999994,21.194409062890706,31.004329004328994,15.777149248961333
P0AC55,6421.512896956246,98,65.52564180567597,0.0,0.5384615384615384,0.46153846153846156,0.05263157894736842,0.0013850415512465374,0.0027700831024930744,0.004155124653739612,0.001385041551246537,-0.5,4.655022621154786,-3.252948441267103,3,0.030612244897959183,0.05,6512.420399999999,14.619990169238077,-2.745000000000001,19.84247282608694
P0A7E1,14534.901122666086,329,44.17903076798203,0.0,0.32142857142857145,0.5714285714285714,-0.041666666666666664,0.0008680555555555555,0.0026041666666666665,0.003472222222222222,0.001736111111111111,-0.2,9.7413179397583,3.844814176623398,3,0.00911854103343465,0.0379746835443038,8409.804299999996,18.80243941996915,34.52405063291138,22.31992094861663
P0A6R3,6480.377240765918,79,82.03009165526478,0.0,0.0,0.0,0.0,0.0,0.0,0.0,0.0,-1.0,9.7531156539917,4.761977033379296,5,0.06329113924050633,0.06666666666666667,8660.019699999995,15.52740425652686,9.308000000000005,30.293025477707012
Q46851,13796.533936932201,315,43.7985204347054,0.23076923076923078,0.25,0.23809523809523808,-0.01709401709401709,0.0003835196142888451,0.0004930966469428008,0.0008766162612316459,0.00010957703265395574,-0.2,4.569309425354004,-5.130605921582267,2,0.006349206349206349,0.024691358024691357,9023.077299999994,19.429781524604476,37.15432098765431,25.441998388396453
P0AA25,5778.80155026901,108,53.50742176175009,0.23333333333333334,0.34210526315789475,0.3157894736842105,0.08333333333333333,0.0012002743484224965,0.0007716049382716049,0.0019718792866941014,-0.00042866941015089156,-0.4,4.673836326599121,-5.458098664409501,8,0.07407407407407407,0.07407407407407407,11675.285899999984,12.78068610585836,4.065740740740743,18.861922141119223
P37744,14098.232425684806,290,48.61459457132692,0.23880597014925373,0.24324324324324326,0.24324324324324326,0.020689655172413793,0.0003923900118906064,0.000356718192627824,0.0007491082045184304,-3.5671819262782375e-05,-0.06666666666666667,5.404842567443848,-4.959441680908554,28,0.09655172413793103,0.09655172413793103,32360.794499999996,18.914416874234448,39.16765517241379,25.47687307861222
P0A9C9,12835.718706472666,291,44.108998991315005,0.21739130434782608,0.32967032967032966,0.17582417582417584,-0.01718213058419244,0.0004015068315206481,0.0003424617092381998,0.000743968540758848,-5.90451222824483e-05,-0.18181818181818182,10.142504692077637,3.8583061294351895,2,0.006872852233676976,0.030303030303030304,7198.228199999999,19.066921630508936,53.07727272727272,24.009687216681723
P39406,15102.4836229211,329,45.90420554079362,0.2,0.4583333333333333,0.3333333333333333,-0.07142857142857142,0.001913265306122449,0.002232142857142857,0.0041454081632653055,0.0003188775510204081,0.0,6.287267875671388,-0.9685083938649361,7,0.02127659574468085,0.09859154929577466,7853.8399999999965,21.31267555575741,13.5056338028169,26.66435635472
P31133,13606.918224859564,341,39.902985996655616,0.11290322580645161,0.27380952380952384,0.23809523809523808,0.055718475073313775,0.0003697938614219004,0.00035259414693716086,0.0007223880083590613,-1.7199714484739516e-05,0.0,5.51465549468994,-5.7867283058335985,36,0.10557184750733138,0.10557184750733138,37925.66060000004,19.86137519996407,25.408826979472142,41.586186567164106
P39451,14090.099881669234,336,41.93482107639653,0.22826086956521738,0.17757009345794392,0.21495327102803738,0.02976190476190476,0.00033659297052154196,0.0003631660997732426,0.0006997590702947845,2.6573129251700656e-05,-0.14285714285714285,5.94316463470459,-5.66847791131282,18,0.05357142857142857,0.05357142857142857,35379.17940000002,19.733407751117642,23.674732142857124,10.139596448748977
P0AC88,15304.537344098606,335,45.68518610178688,0.2,0.16666666666666666,0.5833333333333334,0.06060606060606061,0.0018365472910927456,0.0018365472910927456,0.0036730945821854912,0.0,-0.3333333333333333,5.532218742370604,-1.977535177942097,1,0.0029850746268656717,0.024390243902439025,4604.222900000001,21.29158927835114,25.117073170731707,41.18521014767135
Q47690,11391.927901752033,288,39.555305214416784,0.13157894736842105,0.2975206611570248,0.2644628099173554,-0.03557312252964427,0.00045306128825633893,0.00034370166695308474,0.0007967629552094237,-0.00010935962130325419,0.0,8.902197456359865,1.7405131541729668,2,0.006944444444444444,0.05714285714285714,3687.2141999999994,17.5408891872741,32.6,23.276591432519524
P0AFC0,7958.509750676346,147,54.13952211344453,0.26,0.42857142857142855,0.19047619047619047,-0.027210884353741506,0.0008792632699338239,0.0008792632699338239,0.0017585265398676478,0.0,0.0,5.823348045349121,-2.8766005297088952,14,0.09523809523809523,0.09523809523809523,17032.201299999993,14.709439729708324,52.85510204081632,15.934171523730233
P69346,7640.896629782033,86,88.84763523002364,0.3333333333333333,0.2765957446808511,0.6595744680851063,-0.023255813953488372,0.0014872904272579773,0.0012168739859383451,0.0027041644131963224,-0.0002704164413196322,-0.07692307692307693,5.353005409240722,-3.0474895245077835,3,0.03488372093023256,0.03488372093023256,9598.79939999999,19.979577415931416,65.6453488372093,42.77553892215569
P0A6I3,15140.235191918564,302,50.133229112313124,0.0,0.3333333333333333,0.6666666666666666,-0.058823529411764705,0.0034602076124567475,0.0034602076124567475,0.006920415224913495,0.0,-0.42857142857142855,5.690174293518066,-3.5832661973182365,15,0.04966887417218543,0.12096774193548387,14563.428299999981,19.77845177463824,43.521774193548374,28.391002485501282
P0AEM0,10679.236552213399,160,66.74522845133374,0.3050847457627119,0.23809523809523808,0.42857142857142855,-0.0125,0.0008984375,0.0005078125,0.00140625,-0.000390625,-0.35714285714285715,4.513152503967285,-14.671923123748321,10,0.0625,0.0625,17196.01819999999,20.07504247994263,40.62062499999999,15.05945409429279
P35340,24488.07498841272,519,47.18318880233665,0.2714285714285714,0.23076923076923078,0.26627218934911245,0.026974951830443163,0.0002450243353714903,0.00023388686558187708,0.0004789112009533674,-1.1137469789613202e-05,0.0,5.468559074401855,-11.595741733215952,30,0.057803468208092484,0.057803468208092484,56004.250600000014,33.64937713980469,28.175529865125228,32.087700944118346
P0A9N4,11539.995349911242,245,47.102021836372415,0.23076923076923078,0.24210526315789474,0.2631578947368421,0.012244897959183682,0.0005830903790087463,0.0006497292794668888,0.0012328196584756351,6.663890045814245e-05,0.0,6.000003623962402,-5.590196258709476,24,0.09795918367346938,0.09795918367346938,28072.793300000023,17.83565708297017,27.602040816326518,57.79096473029039
P0A6B7,16561.57203561873,385,43.017070222386316,0.24,0.28688524590163933,0.2459016393442623,-0.015337423312883437,0.00038578794836087167,0.00043283525913658774,0.0008186232074974595,4.704731077571607e-05,-0.09090909090909091,5.247966957092284,-2.0608281427836364,6,0.015584415584415584,0.1016949152542373,6943.804899999999,22.318992178655808,67.78305084745763,33.15315965263872
P26281,7978.745984141696,158,50.49839230469428,0.23809523809523808,0.2916666666666667,0.1875,-0.03164556962025317,0.0007210382951450087,0.0006409229290177856,0.0013619612241627945,-8.011536612722312e-05,0.0,5.339591407775878,-5.2195060294087625,13,0.08227848101265822,0.08227848101265822,17947.3707,14.877235254973597,52.444367088607585,11.002794001578529
P00452,27962.421300637077,727,38.46275282068374,0.35,0.2695035460992908,0.2127659574468085,-0.011363636363636367,0.0004447887970615243,0.0005165289256198347,0.0009613177226813589,7.174012855831041e-05,-0.07692307692307693,5.83636417388916,-0.2387876247708538,0,0.0,0.0,689.6754,27.149002117943418,-5.816666666666667,36.68512258287308
P76318,10165.582006784089,207,49.10909182021299,0.4166666666666667,0.5,0.375,-0.0625,0.00244140625,0.001220703125,0.003662109375,-0.001220703125,-0.625,6.762498664855957,-0.15340134156028284,2,0.00966183574879227,0.043478260869565216,4861.3679,16.324607093454723,45.79565217391303,12.503219094247248
P75820,14231.747837959652,257,55.376450731360514,0.1590909090909091,0.26373626373626374,0.18681318681318682,-0.019455252918287938,0.0004390679646928795,0.0004996290632712077,0.0009386970279640873,6.056109857832822e-05,-0.0625,6.4328325271606435,-1.5166395415261782,25,0.09727626459143969,0.09727626459143969,29023.528899999998,20.41889639332712,32.5128793774319,10.949319066147863
P0A993,13566.76691626859,304,44.62752275088352,0.0,0.28125,0.625,0.075,0.001875,0.003125,0.005,0.0012500000000000002,0.0,4.177575111389159,-3.2553587020455304,2,0.006578947368421052,0.14285714285714285,1721.8638,19.34737239691262,31.414285714285718,17.626188884245735
P39831,10685.436070376534,218,49.015761790718045,0.13793103448275862,0.3411764705882353,0.3058823529411765,-0.038461538461538464,0.0005434126313247192,0.0005736022219538703,0.0011170148532785897,3.0189590629151075e-05,-0.18181818181818182,4.0500284194946286,-4.170284275929786,3,0.013761467889908258,0.08333333333333333,4029.5466000000015,16.918437358375506,65.58888888888889,27.56965949820791
P0ABP8,11565.428450087575,237,48.799276160707066,0.22388059701492538,0.3058823529411765,0.24705882352941178,0.008438818565400845,0.0005341024408481547,0.0005162990261532162,0.0010504014670013708,-1.7803414694938483e-05,-0.375,5.535742759704589,-5.682953798285677,18,0.0759493670886076,0.0759493670886076,25689.330899999994,17.33486761803884,23.18400843881855,27.045543781371972
P0AE18,11507.73288018533,264,43.58989727342928,0.0958904109589041,0.35526315789473684,0.17105263157894737,0.01901140684410646,0.0005204643698766789,0.0005349217134843644,0.0010553860833610433,1.4457343607685545e-05,-0.2,5.631630134582519,-7.434085573833755,15,0.056818181818181816,0.056818181818181816,29270.369200000023,17.47152074903915,26.835984848484856,16.713821218074656
P0ADS2,9437.357996869132,106,89.03167921574652,0.16666666666666666,0.38961038961038963,0.5324675324675324,-0.056603773584905655,0.001245995016019936,0.001067995728017088,0.002313990744037024,-0.000177999288002848,-0.2,5.219376945495604,-2.2175166167984237,5,0.04716981132075472,0.04716981132075472,12304.676199999989,28.95755578281587,43.46037735849057,51.55025536854331
P28631,15927.68239162573,324,49.159513554400405,0.13793103448275862,0.23134328358208955,0.30597014925373134,-0.03488372093023256,0.00034553211946397453,0.0004657172044949222,0.0008112493239588967,0.00012018508503094764,-0.07142857142857142,5.361985969543457,-3.000824905266728,1,0.0030864197530864196,0.015151515151515152,7264.429799999997,23.361080543162508,70.45757575757575,20.50459830176358
P0ADU2,6722.589665611768,103,65.26786083118222,0.45454545454545453,0.25,0.3888888888888889,0.0,0.0009425959091337542,0.0010368555000471297,0.001979451409180884,9.425959091337549e-05,-0.2857142857142857,5.79299602508545,-3.975469429178103,5,0.04854368932038835,0.04854368932038834,11419.118399999994,14.19259487263221,49.76116504854369,26.101242158092834
P0ABQ4,8411.29615333143,159,52.90123366875113,0.23404255319148937,0.3170731707317073,0.36585365853658536,-0.01886792452830189,0.000909774138681223,0.0006724417546774258,0.0015822158933586489,-0.00023733238400379722,0.0,4.839180946350097,-10.045360924577256,15,0.09433962264150944,0.09433962264150944,17999.166999999994,15.281556708201686,42.60251572327043,37.36462757527733
P0A892,4485.031316417418,76,59.013569952860756,0.2727272727272727,0.4090909090909091,0.2727272727272727,-0.039473684210526314,0.0015581717451523544,0.0013850415512465374,0.0029432132963988916,-0.00017313019390581704,-0.25,5.553703880310058,-2.0696301183894352,5,0.06578947368421052,0.06578947368421052,8632.966699999994,11.346301056412964,35.69473684210525,111.31632478632478
P31808,11655.995795485162,245,47.57549304279658,0.2,0.2807017543859649,0.23684210526315788,-0.03673469387755102,0.00036651395251978343,0.000383173677634319,0.0007496876301541025,1.665972511453556e-05,0.0,6.3056837081909185,-1.2480774475870362,17,0.06938775510204082,0.06938775510204082,27165.72889999999,17.222086997921725,47.752244897959166,15.519461172741616
P31057,10824.268078092795,262,41.3140002980641,0.0,0.3135593220338983,0.2288135593220339,0.003816793893129774,0.00040790163743371596,0.0003350620593205524,0.0007429636967542683,-7.283957811316357e-05,-0.2857142857142857,5.0498262405395495,-10.414989355222673,19,0.07251908396946564,0.07251908396946566,27977.748799999994,16.994843000953203,41.14847328244274,25.686917599186184
P0A725,13604.48275767893,300,45.34827585892977,0.2708333333333333,0.16470588235294117,0.25882352941176473,-0.009999999999999995,0.00042222222222222227,0.0004111111111111111,0.0008333333333333335,-1.1111111111111152e-05,-0.3,5.5427339553833,-6.901813003353382,28,0.09333333333333334,0.09333333333333332,33514.00540000002,18.925086908620337,35.80633333333333,33.21284259652103
P0A8I8,8570.485392257056,149,57.52003618964467,0.0,0.0,0.0,0.1,0.0,0.01,0.01,0.01,-0.6,7.023219108581542,0.024214536985471824,6,0.040268456375838924,0.06451612903225806,10107.479599999991,15.489363558122863,33.43870967741935,13.930427715996563
P24215,16192.472956072465,395,40.993602420436616,0.1346153846153846,0.31843575418994413,0.20670391061452514,-0.015189873417721524,0.0003845537574106714,0.0003653260695401378,0.0007498798269508092,-1.922768787053356e-05,0.0,5.380060768127441,-15.254408891478477,33,0.08354430379746836,0.08354430379746836,44905.52650000007,20.405596740775213,35.87949367088606,24.5715011107585
P0A9H3,31862.830624452265,710,44.877226231622906,0.16666666666666666,0.30625,0.325,0.01912568306010929,0.00028367523664486847,0.000321000925677088,0.0006046761623219565,3.732568903221952e-05,-0.2857142857142857,5.570698738098144,-11.054338277191711,34,0.04788732394366197,0.09883720930232559,39342.90230000004,29.684678433645512,44.88491279069766,27.259354838709566
P0A8I3,12985.735894761716,255,50.92445448926163,0.0,0.0,0.0,-0.0,0.0,0.0,0.0,0.0,0.0,4.710895347595215,-3.5195379709919683,7,0.027450980392156862,0.17073170731707316,4851.2106,18.653570852457186,49.72682926829268,23.101545189504392
P0AE01,8647.495578961018,169,51.16861289326046,0.0,0.0,0.0,-0.0,0.0,0.0,0.0,0.0,0.0,6.078043556213378,-1.8959688857844341,7,0.04142011834319527,0.04142011834319527,18043.65689999999,15.105899584508743,32.01775147928995,19.1847702060222
P40191,13485.385652881036,271,49.76157067483777,0.2857142857142857,0.42105263157894735,0.2894736842105263,-0.015384615384615385,0.0005917159763313611,0.0005325443786982249,0.001124260355029586,-5.917159763313613e-05,-0.35714285714285715,5.842445945739747,-1.8997401586401992,2,0.007380073800738007,0.02531645569620253,8683.904099999996,18.415349071405593,14.977215189873421,36.13885631907741
P69503,9000.036097625883,182,49.450747789153205,0.29508196721311475,0.3880597014925373,0.208955223880597,0.021978021978021976,0.0006641709938413235,0.0005736022219538703,0.0012377732157951937,-9.056877188745322e-05,-0.3333333333333333,5.2559812545776365,-4.399341372348566,14,0.07692307692307693,0.07692307692307693,19727.41969999999,16.083272428740823,24.968681318681305,11.831197132616483
P00816,11272.570515050602,152,74.1616481253329,0.0,0.25,0.3333333333333333,0.013333333333333332,0.0016,0.0008888888888888889,0.002488888888888889,-0.0007111111111111111,-0.4,8.249455070495607,0.8511892232318896,5,0.03289473684210526,0.08928571428571427,6103.026500000002,18.530926479443014,4.432142857142859,12.53842918454937
P0A8U6,7452.619710991661,104,71.65980491338135,0.16666666666666666,0.4186046511627907,0.3488372093023256,0.009615384615384609,0.0015717455621301777,0.0013868343195266271,0.002958579881656805,-0.0001849112426035506,-0.2222222222222222,5.401830101013183,-3.9186125754460086,7,0.0673076923076923,0.06730769230769232,12009.41679999999,14.44190818468003,33.56634615384615,26.14320710059169
P36929,18601.31724190787,425,43.767805275077336,0.20689655172413793,0.32407407407407407,0.19444444444444445,-0.016509433962264154,0.000266998932004272,0.00030593627625489497,0.000572935208259167,3.893734425062297e-05,0.0,6.649218559265138,-1.2798682990792685,29,0.06823529411764706,0.06823529411764706,47831.27300000003,23.336839593604342,55.79555294117652,22.00414715719065
P45545,15624.282552003864,356,43.88843413484231,0.0,0.5,0.375,-0.027522935779816515,0.0005050079959599361,0.0007575119939399041,0.0012625199898998402,0.00025250399797996804,-0.375,8.942425727844238,2.0355552644663533,6,0.016853932584269662,0.05172413793103448,12624.334499999984,21.231647930730308,50.56215517241378,22.977548579970144
P0A9P0,22943.737876082858,471,48.712819269814986,0.2903225806451613,0.3048780487804878,0.21951219512195122,0.04670912951167728,0.0002794794469913136,0.0002794794469913136,0.0005589588939826272,0.0,-0.07142857142857142,5.6300386428833,-11.363572046971548,26,0.055201698513800426,0.055201698513800426,50300.33860000005,24.27964415761357,17.962208067940548,63.45399491094155
P60472,12265.106593633025,223,55.00047799835437,0.21428571428571427,0.33035714285714285,0.32142857142857145,-0.04484304932735426,0.0004826157775141266,0.0006032697218926582,0.0010858854994067848,0.00012065394437853162,-0.15384615384615385,7.231022453308106,0.3928362415218061,20,0.08968609865470852,0.08968609865470853,25204.20469999999,17.960037110180217,44.79103139013453,29.204611923509628
P39325,12550.746934380304,296,42.40117207560913,0.2459016393442623,0.3435114503816794,0.183206106870229,0.08783783783783784,0.0004565376186997809,0.0004337107377647918,0.0008902483564645727,-2.282688093498906e-05,0.0,8.590879631042483,0.758103612191301,1,0.0033783783783783786,0.2,611.7107,19.723076749651973,-8.98,12.057654209815421
P76143,13723.752821537319,276,49.72374210701927,0.3076923076923077,0.38596491228070173,0.3157894736842105,-0.011976047904191621,0.00046613360106135035,0.0005737028936139696,0.00103983649467532,0.0001075692925526193,-0.45454545454545453,5.918723869323729,-1.998215792543517,9,0.03260869565217391,0.08256880733944955,12157.842599999993,19.390101325520718,26.915596330275225,35.749427354472346
P19636,13282.97446240591,252,52.71021612065837,0.21951219512195122,0.29357798165137616,0.3394495412844037,-0.031746031746031744,0.00045666414714033764,0.0005039052658100277,0.0009605694129503653,4.724111866969002e-05,-0.1,7.820482444763185,1.0575570959088871,10,0.03968253968253968,0.03968253968253968,27356.243500000008,21.234465489006794,42.12539682539682,54.06824112734859
P63228,8653.456984936636,182,47.5464669502013,0.2,0.3108108108108108,0.3108108108108108,0.005494505494505496,0.0008151189469870789,0.0006037918125830214,0.0014189107595701002,-0.00021132713440405752,-0.4,4.781944084167479,-12.009488616115416,15,0.08241758241758242,0.08241758241758242,20282.808499999996,15.61410181173384,18.54120879120878,21.45871740662438
P00935,16624.846896136754,383,43.40691095597064,0.3333333333333333,0.417910447761194,0.208955223880597,-0.0358974358974359,0.00047337278106508875,0.0005785667324128863,0.001051939513477975,0.00010519395134779753,-0.2222222222222222,5.339932441711425,-5.7674945994174465,12,0.031331592689295036,0.06382978723404255,20183.68269999999,21.86058306279973,36.25585106382977,28.14881560773486
P30177,13627.311971905301,310,43.959070877113874,0.15,0.3153153153153153,0.2072072072072072,-0.01556420233463035,0.0003936471407591334,0.000560190161849536,0.0009538373026086694,0.00016654302109040254,-0.16666666666666666,4.494964027404785,-3.219552552495206,2,0.0064516129032258064,0.03773584905660377,5606.3456000000015,19.544884642122312,45.25471698113207,45.63147527242249
P63746,6573.876835036869,109,60.3107966517144,0.48484848484848486,0.39473684210526316,0.21052631578947367,0.027522935779816515,0.0008416799932665601,0.0006733439946132481,0.001515023987879808,-0.000168335998653312,-0.25,5.1806127548217775,-4.881148890139306,5,0.045871559633027525,0.045871559633027525,11369.082899999994,14.890456894086073,13.310091743119271,15.660652446675051
P17109,23044.543280155034,554,41.59664852013544,0.2,0.4084507042253521,0.19718309859154928,-0.04,0.00032653061224489796,0.0006857142857142858,0.0010122448979591838,0.00035918367346938785,-0.3333333333333333,5.455827140808105,-8.770912176180474,31,0.05595667870036101,0.08179419525065963,42549.87310000006,25.88769752966304,41.568100263852244,30.519203334877105
Q8X6R9,12326.376399472563,246,50.10722113606733,0.1,0.4074074074074074,0.4444444444444444,-0.02,0.0012,0.002,0.0032,0.0008000000000000001,0.0,6.205135536193848,-2.101494148694023,16,0.06504065040650407,0.0816326530612245,21999.75750000001,19.026257132384806,45.34795918367346,25.44596537250788
P0AF24,11434.910098099686,250,45.73964039239875,0.24,0.23157894736842105,0.25263157894736843,0.0,0.000416,0.00036799999999999995,0.000784,-4.800000000000003e-05,-0.3333333333333333,5.179817008972167,-7.977105854559891,24,0.096,0.096,27162.780400000003,18.475795182202962,40.11091999999999,26.570109832636003
P0A731,7862.730333663773,148,53.12655630853901,0.12121212121212122,0.2753623188405797,0.3333333333333333,-0.013513513513513514,0.000547845142439737,0.0006391526661796933,0.0011869978086194303,9.130752373995624e-05,-0.4,5.905707740783691,-3.8839305338772814,10,0.06756756756756757,0.06756756756756757,16405.778199999986,15.291825098821786,32.00202702702701,20.15496509598601
P0A836,17964.778025293224,388,46.300974291992844,0.23958333333333334,0.25165562913907286,0.2980132450331126,0.01804123711340206,0.00031220108406844515,0.00028563077904134336,0.0005978318631097886,-2.6570305027101787e-05,-0.125,5.366930961608887,-8.042189435963188,21,0.05412371134020619,0.05412371134020619,41392.154200000004,25.329406129327634,30.24046391752577,34.058174002751045
P0A6I6,8374.044203037676,157,53.33786116584507,0.3448275862068966,0.3188405797101449,0.2753623188405797,-0.01273885350318471,0.0005679743600146051,0.0008113919428780073,0.0013793663028926124,0.0002434175828634022,0.0,6.525650596618653,-1.4285735133402575,12,0.07643312101910828,0.07643312101910829,17577.110299999997,15.374072883063906,32.51082802547771,23.418122977346272
P0A8I1,6929.0266267106845,120,57.74188855592237,0.275,0.34615384615384615,0.3076923076923077,-0.030000000000000006,0.001,0.0012000000000000001,0.0022,0.0002000000000000001,-0.125,4.1373899459838865,-2.236153703921435,3,0.025,0.15000000000000002,2176.3775,13.525721693271224,27.770000000000007,26.039205155746515
P39332,7333.152255928957,130,56.408863507145824,0.4444444444444444,0.35294117647058826,0.2647058823529412,-0.038461538461538464,0.0010059171597633137,0.0005917159763313611,0.0015976331360946748,-0.0004142011834319527,-0.5,4.584258079528809,-9.895779084263182,15,0.11538461538461539,0.11538461538461539,14458.891699999984,14.51863079669072,33.93384615384613,46.48583992094863
P64488,6601.832272506167,105,62.874593071487304,0.0,0.25,0.75,-0.04545454545454545,0.0,0.0025826446280991736,0.0025826446280991736,0.0025826446280991736,-0.25,4.0500284194946286,-1.1631723813020067,0,0.0,0.0,275.25849999999997,13.913924066878524,-21.633333333333336,26.2691252955083
P10408,33872.2450740507,691,49.01916797981288,0.06666666666666667,0.3492063492063492,0.20634920634920634,-0.04090909090909091,0.0006818181818181819,0.0005991735537190083,0.0012809917355371902,-8.264462809917357e-05,-0.15384615384615385,5.295598030090332,-15.238913781225676,33,0.04775687409551375,0.07006369426751594,53578.19870000008,33.87693582473778,39.304267515923556,53.28608909090908
P09030,12590.614187171064,268,46.97990368347412,0.21518987341772153,0.29545454545454547,0.3181818181818182,-0.029850746268656712,0.0005290710625974604,0.0005429939852973936,0.001072065047894854,1.3922922699933149e-05,-0.18181818181818182,5.79867992401123,-5.77282963630357,27,0.10074626865671642,0.10074626865671642,30968.80130000004,17.668315626461414,53.88402985074626,16.59538708199727
P25740,16346.478023711465,370,44.17967033435531,0.2033898305084746,0.2727272727272727,0.23295454545454544,-0.008108108108108109,0.00029218407596785974,0.00038714390065741416,0.0006793279766252739,9.495982468955442e-05,-0.09090909090909091,7.799659156799317,1.893984559650434,40,0.10810810810810811,0.10810810810810811,41867.12030000005,21.362443057457856,41.51486486486487,11.346891385767808
P09099,19144.045592977167,476,40.21858317852346,0.3333333333333333,0.26851851851851855,0.26851851851851855,-0.008982035928143714,0.00031374376994513966,0.00025995912366883,0.0005737028936139698,-5.3784646276309675e-05,-0.13333333333333333,7.416715431213379,0.3146314219582145,10,0.02100840336134454,0.0704225352112676,15460.480199999984,23.234408014170796,49.20915492957746,37.27117841409689
P0A786,12243.938004864176,288,42.51367362800061,0.5,0.2903225806451613,0.5806451612903226,0.013157894736842105,0.0008656509695290858,0.0015581717451523544,0.0024238227146814403,0.0006925207756232686,0.0,8.451176643371586,1.0260024420294886,5,0.017361111111111112,0.078125,7193.254,19.26012470966573,14.610937499999999,30.590085393258455
P25535,15749.87717825127,354,44.49117846963636,0.625,0.2,0.6,-0.02857142857142857,0.0,0.0008163265306122448,0.0008163265306122448,0.0008163265306122448,-0.5,6.485749626159667,-2.6256385549665495,28,0.07909604519774012,0.08777429467084638,35733.07020000003,21.588450405413578,45.47617554858933,38.400345705967936
P0A6E4,22861.003638801234,444,51.488746934237014,0.32142857142857145,0.3005464480874317,0.23497267759562843,-0.018018018018018014,0.0002992857722587453,0.0002688499310120932,0.0005681357032708385,-3.043584124665208e-05,-0.3125,5.229835319519042,-14.672180276181635,38,0.08558558558558559,0.08558558558558559,49581.45520000005,26.82184144418009,40.075247747747746,19.333130962706
Q46925,17065.408919739708,399,42.77044842040027,0.16666666666666666,0.29069767441860467,0.22674418604651161,-0.020050125313283207,0.00024497333559462566,0.0002324106004359269,0.00047738393603055255,-1.2562735158698761e-05,-0.18181818181818182,5.377844047546388,-10.35087396457233,32,0.08020050125313283,0.08020050125313283,42987.377500000075,22.22306369081693,33.09027568922306,21.166989105315267
P77581,17500.332028443936,400,43.75083007110984,0.1891891891891892,0.27710843373493976,0.2469879518072289,-0.0175,0.00025,0.00026875,0.00051875,1.8749999999999995e-05,-0.5,5.819426155090333,-8.10021071572919,36,0.09,0.09,43059.17970000001,21.53897188786633,32.236,23.51134475939353
P0AC51,9474.930553499704,149,63.59013794295103,0.34782608695652173,0.23880597014925373,0.40298507462686567,-0.020134228187919465,0.0008558173055267781,0.0007206882572857079,0.0015765055628124858,-0.0001351290482410702,0.0,5.160150718688963,-8.118846409886089,8,0.053691275167785234,0.053691275167785234,16545.894200000002,17.106947242642413,53.15704697986577,58.695975715524696
P0A6I0,10887.32534201304,223,48.82208673548448,0.23529411764705882,0.3577981651376147,0.1651376146788991,-0.05381165919282511,0.0006032697218926582,0.0005831607311629029,0.001186430453055561,-2.0108990729755306e-05,-0.16666666666666666,5.563309669494628,-5.635573012166191,10,0.04484304932735426,0.044843049327354265,24329.500900000003,16.976113858065656,42.32511210762331,16.62676749703441
P0A6L4,12448.75118649311,295,42.19915656438342,0.05128205128205128,0.3081761006289308,0.2138364779874214,0.013559322033898306,0.00035621947716173516,0.00034472852628555017,0.0007009480034472853,-1.1490950876184988e-05,-0.2,5.615033149719238,-4.771239430457964,24,0.08135593220338982,0.08135593220338982,32404.83400000001,18.429203328274905,39.738338983050845,20.395941202281723
P06721,16242.35708118499,390,41.64706943893587,0.2,0.3625,0.2875,0.01463414634146341,0.0004045211183819155,0.0004521118381915526,0.0008566329565734681,4.7590719809637104e-05,-0.18181818181818182,5.71893482208252,-5.5283509568432265,18,0.046153846153846156,0.0972972972972973,20703.19979999999,21.959042321919878,27.602162162162152,21.411730609991725
P69924,14838.942134958108,339,43.77269066359324,0.2857142857142857,0.2575107296137339,0.1459227467811159,-0.0029498525073746312,0.00040897660131742676,0.00033066193298004717,0.0007396385342974739,-7.831466833737959e-05,0.0,4.9809373855590815,-15.483457269853325,38,0.11209439528023599,0.11209439528023599,39463.42470000006,20.982482957261542,44.69206489675516,18.002614167565625
P31663,13962.221678768039,282,49.51142439279447,0.2033898305084746,0.288,0.272,-0.014184397163120574,0.0004904179870227855,0.0004904179870227856,0.0009808359740455712,1.0842021724855044e-19,0.0,5.9150293350219725,-3.11488304134879,15,0.05319148936170213,0.05319148936170213,31526.22910000002,20.173582854947874,36.27021276595745,36.09748715553479
P0A6F1,15294.503308338699,378,40.46164896385899,0.2328767123287671,0.3142857142857143,0.2571428571428571,-0.007490636704119848,0.00044887710586485993,0.0003647126485151987,0.0008135897543800586,-8.416445734966125e-05,-0.1875,7.3395280838012695,0.6435993635492796,8,0.021164021164021163,0.07207207207207207,12138.612599999986,20.58543710474347,35.28558558558557,38.41164762893734
P42907,15220.85954142089,361,42.1630458211105,0.875,0.40350877192982454,0.5263157894736842,-0.043478260869565216,0.0007088846880907373,0.0008270321361058601,0.0015359168241965975,0.00011814744801512281,-0.3333333333333333,6.741127204895021,-0.15272419755611044,1,0.002770083102493075,0.1111111111111111,1020.1842999999999,20.448676849106203,16.200000000000003,18.739429190751494
P00811,14629.499885557278,358,40.8645248199924,0.24705882352941178,0.2446043165467626,0.14388489208633093,0.027932960893854747,0.00021066758216035705,0.00026528510346119033,0.00047595268562154736,5.461752130083328e-05,0.0,8.783640098571777,3.2535190770189573,37,0.10335195530726257,0.10335195530726257,39550.626000000004,19.520817046263247,36.4980726256983,13.064378571428572
P0AEN8,7405.442875481861,138,53.662629532477254,0.0,0.2903225806451613,0.3225806451612903,-0.02105263157894737,0.001329639889196676,0.000664819944598338,0.001994459833795014,-0.000664819944598338,-0.2857142857142857,10.019499015808105,4.949335556771601,5,0.036231884057971016,0.11627906976744186,4879.7274,14.163398730875128,15.690930232558143,16.77079143389199
P0A6D3,15260.086071721162,427,35.73790649115026,0.3925233644859813,0.14285714285714285,0.07142857142857142,-0.009367681498829043,0.0002522911879075737,0.00023583741478316672,0.00048812860269074036,-1.6453773124406983e-05,-0.1111111111111111,5.366362571716309,-9.800867827039475,28,0.06557377049180328,0.06557377049180327,46095.263000000064,21.174742761319578,28.779859484777518,13.228471534653435
P52007,9681.582650046284,180,53.786570278034915,0.0,0.0,0.0,0.0,0.0,0.0,0.0,0.0,0.0,5.530229377746582,-1.1451800525946374,2,0.011111111111111112,0.06451612903225806,3478.9027,16.08455914322467,45.477419354838716,16.17820334261838
P0A946,9588.63603133909,156,61.46561558550699,0.3728813559322034,0.3829787234042553,0.3404255319148936,-0.038461538461538464,0.0007396449704142013,0.0004930966469428007,0.001232741617357002,-0.00024654832347140057,-0.4166666666666667,4.792459297180176,-8.203821424554269,16,0.10256410256410256,0.10256410256410256,17532.521499999984,16.830821837745734,37.13525641025641,26.523495145631053
P0AB80,13394.28823938309,304,44.06015868218122,0.18823529411764706,0.32222222222222224,0.16666666666666666,-0.023026315789473686,0.00038954293628808866,0.00036790166204986145,0.0007574445983379502,-2.164127423822721e-05,0.0,5.426668739318846,-8.514603531800937,30,0.09868421052631579,0.09868421052631579,33503.53860000001,19.514905663036203,34.6828947368421,22.735198983911925
P28248,10813.143990051207,193,56.026652798192785,0.296875,0.2702702702702703,0.4594594594594595,-0.06735751295336787,0.0006711589572874439,0.0006443125989959461,0.00131547155628339,-2.6846358291497782e-05,-0.1,5.614692115783691,-4.126203687445855,13,0.06735751295336788,0.06735751295336788,21249.007199999993,17.6021688582384,33.254507772020716,28.455247326203157
P08337,7191.161112841071,125,57.529288902728574,0.0,0.0,0.0,-0.041666666666666664,0.001736111111111111,0.005208333333333333,0.006944444444444444,0.003472222222222222,-0.3,4.6277967453002935,-9.284000268151594,12,0.096,0.1188118811881188,11722.181499999988,14.373341607767898,57.217821782178206,19.601976630963968
P04995,22183.51178238996,460,48.22502561389122,0.29411764705882354,0.38333333333333336,0.26666666666666666,-0.041176470588235294,0.0007958477508650519,0.000588235294117647,0.001384083044982699,-0.0002076124567474049,-0.3333333333333333,4.749886894226075,-6.425435134585285,15,0.03260869565217391,0.12931034482758622,13705.304899999994,24.389116396703212,47.32758620689655,42.212817589576495
P77324,14280.864321002065,316,45.19260861076603,0.28125,0.30612244897959184,0.20408163265306123,-0.03164556962025316,0.0002703893606793783,0.00040057683063611597,0.0006709661913154942,0.00013018746995673767,0.0,9.02836208343506,5.282965986412524,17,0.05379746835443038,0.053797468354430375,33658.24170000004,19.38444042418149,35.45037974683544,22.096135979729763
P33224,22336.234725389953,538,41.5171649170817,0.2972972972972973,0.23026315789473684,0.14144736842105263,-0.05947955390334572,0.00018656458589571732,0.00023838808197786102,0.0004249526678735783,5.18234960821437e-05,-0.4444444444444444,8.016982078552246,2.953444694753955,44,0.08178438661710037,0.08178438661710037,60221.7813000001,23.980598083383192,44.57936802973982,19.233876908165698
P0A9X9,7413.413857889286,85,87.2166336222269,0.47058823529411764,0.3333333333333333,0.6666666666666666,0.047058823529411764,0.001245674740484429,0.0009688581314878893,0.002214532871972318,-0.00027681660899653965,-0.25,5.1557741165161115,-3.0506189629230196,9,0.10588235294117647,0.10588235294117647,8985.9273,17.81619484815459,1.3176470588235292,27.74871224165343
P60546,12179.866368864397,200,60.899331844321985,0.3333333333333333,0.375,0.625,0.016129032258064516,0.0010405827263267429,0.0015608740894901142,0.0026014568158168575,0.0005202913631633713,-0.3333333333333333,9.984234809875488,1.550725069161175,0,0.0,0.0,1979.2446,19.10295379807943,47.31764705882354,37.48139216904906
P06709,13481.811312967171,292,46.17058668824374,0.4,0.45652173913043476,0.32608695652173914,0.02608695652173913,0.000831758034026465,0.0006049149338374291,0.001436672967863894,-0.0002268431001890359,-0.3333333333333333,5.119851875305175,-2.2150644286465937,7,0.023972602739726026,0.0736842105263158,10804.46169999999,21.48621712628456,40.02421052631576,52.11578373466609
P0AEK7,13624.216481148498,216,63.075076301613414,0.3333333333333333,0.3597560975609756,0.29878048780487804,0.032407407407407406,0.0002357681755829904,0.0007287379972565158,0.0009645061728395061,0.0004929698216735254,-0.375,9.969987297058104,14.318786541106688,32,0.14814814814814814,0.14814814814814814,25237.00190000002,20.850222748312085,41.91111111111109,47.07223219293334
P05050,9505.139788203356,203,46.82334871036136,0.15714285714285714,0.2,0.3333333333333333,-0.02463054187192118,0.00033973161202649905,0.0006066635929044626,0.0009463952049309616,0.0002669319808779636,0.0,9.120551872253419,5.415898180630165,20,0.09852216748768473,0.09852216748768472,22528.547499999997,15.693023099040518,49.194630541871945,16.333285084959066
P0A870,13331.85193399107,316,42.18940485440212,0.025,0.29775280898876405,0.16853932584269662,0.01898734177215189,0.00044063451369972764,0.0003705335683384073,0.000811168082038135,-7.010094536132034e-05,-0.1111111111111111,5.105187416076659,-8.397486502720284,23,0.07278481012658228,0.07278481012658228,35087.61470000003,19.475012121377862,31.86930379746836,24.113165991902825
P04425,13669.372417663251,314,43.5330331772715,0.30434782608695654,0.26605504587155965,0.28440366972477066,-0.0031847133757961776,0.00045640796786887905,0.00038541117286705346,0.0008418191407359324,-7.099679500182558e-05,-0.14285714285714285,5.10905246734619,-10.119417852835824,24,0.07643312101910828,0.07643312101910829,35304.22920000001,20.37566523584689,38.88630573248408,19.630705929810368
P76584,12165.276139093623,287,42.387721739002174,0.0,0.0,0.0,0.0,0.0,0.0,0.0,0.0,0.0,5.7184232711792,-0.5370530787091918,1,0.003484320557491289,0.14285714285714285,902.0483999999999,18.17157176382709,32.24285714285715,30.75515901060071
P32719,9849.58700063399,219,44.97528310791776,0.047619047619047616,0.31868131868131866,0.24175824175824176,0.0228310502283105,0.0006255082254331644,0.0005421071287087426,0.0011676153541419069,-8.340109672442186e-05,-0.2727272727272727,5.131560707092285,-10.788116228291134,20,0.091324200913242,0.091324200913242,24860.516999999996,16.584920956338753,34.96255707762557,37.53633600917428
P65556,8407.79433205547,157,53.5528301404807,0.45454545454545453,0.0,0.0,-0.0,0.008264462809917356,0.0,0.008264462809917356,-0.008264462809917356,-0.16666666666666666,11.000836753845213,1.759092613290301,0,0.0,0.0,416.47589999999997,14.987150608358622,156.46666666666667,36.86055466237945
P0AFB1,12607.377470687186,256,49.24756824487182,0.0,0.09090909090909091,0.9090909090909091,0.0,0.0022675736961451248,0.0,0.0022675736961451248,-0.0022675736961451248,-0.5,4.901135444641112,-4.8886362691318865,7,0.02734375,0.10294117647058823,7601.3635,19.022107246142568,13.513382352941179,21.468440860215036
P0AB71,14889.290798014714,333,44.71258497902316,0.22727272727272727,0.35789473684210527,0.28421052631578947,0.07386363636363637,0.0005810950413223141,0.0006456611570247934,0.0012267561983471077,6.456611570247934e-05,0.0,6.3197229385375975,-0.9929945004737206,13,0.03903903903903904,0.10400000000000001,14147.68719999999,21.38246482304533,38.3792,27.482687155240317
P0A805,11407.516833923948,185,61.66225315634566,0.41379310344827586,0.2857142857142857,0.3392857142857143,-0.005405405405405406,0.0009057706355003653,0.0009057706355003653,0.0018115412710007308,0.0,0.0,6.436129188537596,-0.467057393357706,5,0.02702702702702703,0.02702702702702703,20638.334199999994,26.734407264742714,41.54108108108108,52.64029227557422
P0AC81,8057.4488404767235,128,62.9488190662244,0.45098039215686275,0.2857142857142857,0.19047619047619047,0.007936507936507936,0.0011337868480725624,0.0007558578987150416,0.001889644746787604,-0.0003779289493575208,-0.25,5.525000190734862,-0.23989838581069733,0,0.0,0.0,189.1692,15.432238467675182,-37.45,22.474545454545435
P77806,16690.285324053853,382,43.691846398046735,0.13793103448275862,0.36024844720496896,0.18633540372670807,-0.02356020942408377,0.00025355664592527615,0.00027411529289219044,0.0005276719388174666,2.055864696691429e-05,-0.21052631578947367,5.7656564712524405,-8.826410062171913,37,0.0968586387434555,0.09685863874345549,42501.910900000046,21.002848680345952,39.04897905759163,33.03668554297135
P06616,15435.273343167066,292,52.86052514783242,0.22535211267605634,0.36792452830188677,0.25471698113207547,0.00684931506849315,0.0004339463313942578,0.0005277725652092324,0.0009617188966034903,9.382623381497463e-05,-0.15384615384615385,7.974626350402832,1.504693606508667,18,0.06164383561643835,0.06164383561643835,32815.54480000005,20.709403796867637,32.44965753424656,47.97189505637467
P0A7E3,10823.134316975671,213,50.81283716889986,0.1875,0.3333333333333333,0.21875,0.0,0.0006171614979391214,0.0005510370517313584,0.00116819854967048,-6.612444620776299e-05,-0.07692307692307693,5.333395957946778,-6.125123410589072,20,0.09389671361502347,0.09389671361502347,23566.706100000003,17.646140152996246,22.75967136150234,31.06600240818783
P0A749,15333.159242828799,418,36.68219914552344,0.37168141592920356,0.17482517482517482,0.055944055944055944,-0.011961722488038277,0.00028044229756644766,0.0002918889219569149,0.0005723312195233625,1.1446624390467253e-05,0.0,5.914404106140137,-5.6952381443701725,18,0.0430622009569378,0.0430622009569378,44688.01560000008,21.435128196001585,29.24880382775119,19.559160548994537
P0ACH5,6813.46125488553,116,58.736734955909746,0.0,0.3424657534246575,0.2465753424657534,0.00862068965517241,0.0009661117717003568,0.0014120095124851367,0.0023781212841854932,0.0004458977407847799,-0.2857142857142857,8.872864341735841,2.2163056667419063,13,0.11206896551724138,0.11206896551724138,13822.549499999985,14.97600745074729,53.10517241379311,47.346211498973275
P0A884,13234.400078703287,263,50.32091284678056,0.35294117647058826,0.25,0.18181818181818182,-0.0038022813688212975,0.0004626349954459368,0.00047709233905362234,0.0009397273344995591,1.4457343607685545e-05,-0.13333333333333333,5.622820091247559,-8.291524299795853,29,0.11026615969581749,0.11026615969581749,30348.134400000003,18.350209119066804,41.79205323193916,25.2056816059758
P23256,15043.134756076573,361,41.670733396334,0.18333333333333332,0.2619047619047619,0.25,-0.002770083102493076,0.00029926105539398865,0.0002762409742098357,0.0005755020296038244,-2.302008118415294e-05,-0.4,5.3287351608276365,-9.55950791760381,35,0.09695290858725762,0.09695290858725762,40204.61350000001,20.86275735798479,48.17371191135733,62.38273948391664
P22259,19891.79080764062,537,37.04244098257099,0.1984126984126984,0.26506024096385544,0.19879518072289157,0.022346368715083796,0.00022887342259396814,0.0002150023060731216,0.0004438757286670897,-1.3871116520846536e-05,0.0,5.383698463439941,-11.429101915853131,54,0.1005586592178771,0.1005586592178771,59256.23720000014,23.065341529469983,21.39162011173185,25.963800872093056
P36683,32604.798619173962,862,37.82459236563105,0.2,0.21508379888268156,0.15363128491620112,0.01160092807424594,0.00014803968540221037,0.0001345815321838276,0.000282621217586038,-1.345815321838277e-05,0.0,5.239270591735839,-23.139524271495617,58,0.06728538283062645,0.06728538283062645,93225.70220000065,27.964061573108197,32.875649651972246,38.44267704517682
P07813,37658.5535561989,813,46.320484078965436,0.2,0.3717948717948718,0.4230769230769231,0.032051282051282055,0.0007396449704142011,0.0008629191321499013,0.0016025641025641025,0.00012327416173570028,-0.47058823529411764,5.114281654357909,-19.20565441803315,48,0.05904059040590406,0.08586762075134169,62332.54440000013,34.33060109174202,28.79107334525939,42.08196906419194
P45748,9199.26669395907,184,49.996014641081906,0.375,0.3333333333333333,0.6666666666666666,-0.024390243902439025,0.003569303985722784,0.000594883997620464,0.004164187983343248,-0.00297441998810232,0.0,8.055663108825684,0.8450319358131324,10,0.05434782608695652,0.08928571428571429,12135.729699999989,15.961749080684449,37.708035714285685,25.394131355932185
P77454,12415.521813972973,309,40.17968224586723,0.175,0.21794871794871795,0.20512820512820512,0.0,0.00028277877274012625,0.00020946575758527876,0.0004922445303254051,-7.331301515484749e-05,-0.1111111111111111,4.814455986022949,-10.820133234422595,22,0.07119741100323625,0.07119741100323623,32771.745200000005,18.081603070731166,34.80291262135921,13.07538194444442
P68919,5951.020627722308,94,63.30873008215221,0.34146341463414637,0.3,0.4,0.05319148936170213,0.0011317338162064282,0.0019239474875509279,0.0030556813037573563,0.0007922136713444997,-0.3333333333333333,9.59897174835205,4.773108277430783,7,0.07446808510638298,0.07446808510638298,10693.310099999992,12.797983734866662,41.1373404255319,27.162297476759647
P0A9B6,14812.185533285163,324,45.71662201631223,0.46153846153846156,0.26666666666666666,0.6,-0.13157894736842105,0.0013850415512465374,0.0034626038781163434,0.004847645429362881,0.002077562326869806,-0.25,7.094893074035644,0.11427382820691356,10,0.030864197530864196,0.07142857142857142,15385.465099999987,20.36522975886877,13.935714285714274,35.91995598239304
P00894,9508.501633156391,163,58.33436584758522,0.3939393939393939,0.2653061224489796,0.3469387755102041,-0.03680981595092024,0.0007151191237908841,0.0007903948210320297,0.001505513944822914,7.527569724114565e-05,-0.125,8.247521018981931,1.002906346911356,6,0.03680981595092025,0.03680981595092025,17916.423499999997,19.160968416253063,33.20429447852759,40.56249005568817
Q46865,6213.817598306281,97,64.05997524027094,0.3,0.2,0.4,0.0,0.0009565309809756615,0.001275374641300882,0.002231905622276544,0.0003188436603252206,-0.2,7.896490669250489,0.7662507070553239,8,0.08247422680412371,0.08247422680412371,11103.656999999992,12.942111206362089,15.834123711340206,16.8431707317073
P32099,15753.286390881698,337,46.745656946236494,0.21875,0.2807017543859649,0.21929824561403508,-0.03560830860534125,0.00037862444857311413,0.00037862444857311413,0.0007572488971462283,0.0,-0.07692307692307693,5.7068281173706055,-6.823351120593557,30,0.08902077151335312,0.08902077151335311,37794.23880000006,23.17739863421667,41.25964391691395,16.858956064588806
P0CE47,18240.45325806841,392,46.531768515480636,0.2653061224489796,0.32653061224489793,0.22448979591836735,0.0,0.00038395460224906295,0.00035141607663473557,0.0007353706788837985,-3.253852561432738e-05,-0.09090909090909091,5.2978715896606445,-14.212996960409285,25,0.06377551020408163,0.06377551020408163,43064.76630000002,23.54373889912177,27.47477040816326,26.993221010901916
P0A998,8773.192059789162,161,54.491876147758774,0.0,0.34375,0.1953125,0.03105590062111801,0.0009258902048532078,0.0006172601365688052,0.001543150341422013,-0.0003086300682844026,-0.4,4.792914009094238,-12.680351258286997,20,0.12422360248447205,0.12422360248447206,18949.061199999993,17.276108017013406,38.41304347826087,41.12747376311839
P12295,10445.11073066934,222,47.050048336348375,0.08,0.23809523809523808,0.2619047619047619,-0.004504504504504507,0.00032464897329762194,0.0005884262641019398,0.0009130752373995618,0.0002637772908043179,-0.2,8.111879539489745,1.908139466698124,22,0.0990990990990991,0.0990990990990991,24902.099500000004,17.23360216061148,34.980630630630614,23.269415041782768
P24224,7074.742831486119,125,56.59794265188895,0.3783783783783784,0.2857142857142857,0.19642857142857142,-0.032,0.0008319999999999998,0.001216,0.002048,0.0003840000000000002,0.0,9.300805473327635,3.1602767683127357,10,0.08,0.08,13920.924099999984,14.25348686213128,39.072799999999994,33.90921079958463
P0AG18,9509.584328733481,158,60.18724258692077,0.0,0.0,0.0,-0.0,0.0,0.0,0.0,0.0,-0.6666666666666666,7.329694938659668,0.14275467116953067,1,0.006329113924050633,0.01694915254237288,6221.952300000001,17.20735146984587,-1.4016949152542366,16.61862660944207
P0A9H1,8555.040014730403,165,51.84872736200244,0.06896551724137931,0.3787878787878788,0.25757575757575757,0.0,0.0005142332415059688,0.0006611570247933885,0.0011753902662993572,0.0001469237832874197,-0.4,8.564383125305177,1.7628284443922375,14,0.08484848484848485,0.08484848484848484,18303.7315,14.633996703687137,31.36121212121211,20.730549535603707
Q46877,16453.92238964489,399,41.23790072592704,0.18,0.2980132450331126,0.2251655629139073,-0.017543859649122806,0.00033291248170551693,0.00032034974654681817,0.0006532622282523352,-1.2562735158698761e-05,-0.16666666666666666,5.375911521911622,-15.196162325506094,38,0.09523809523809523,0.09523809523809523,45544.8820000001,24.28490781049997,29.266190476190474,29.551902682470363
Q46897,11163.660436158612,193,57.84280018735032,0.0,0.5,0.5,-0.034482758620689655,0.0,0.0023781212841854932,0.0023781212841854932,0.0023781212841854932,-0.6923076923076923,9.300934410095213,5.998273227835604,9,0.046632124352331605,0.054878048780487805,18086.877099999983,18.45261379812562,44.790243902439016,28.912521339461605
P0A8D6,8401.176647537715,171,49.12968799729658,0.0,0.0,1.0,0.0,0.0014792899408284025,0.0,0.0014792899408284025,-0.0014792899408284025,-0.2857142857142857,5.41643772125244,-4.813461401760215,11,0.06432748538011696,0.07586206896551724,15462.20459999999,14.97446701483906,41.45379310344826,21.399032761310462
P76502,7133.73203797989,156,45.72905152551212,0.24242424242424243,0.3114754098360656,0.2459016393442623,-0.01282051282051282,0.0006985535831689677,0.0002876397107166338,0.0009861932938856014,-0.00041091387245233396,-0.4,4.360539817810059,-11.338276020682102,8,0.05128205128205128,0.05128205128205128,16692.917099999988,14.284636528059957,37.10897435897434,16.03719313304723
P0A763,7553.171051012417,142,53.191345429664906,0.21428571428571427,0.27586206896551724,0.29310344827586204,-0.028169014084507043,0.0007934933544931561,0.0007439000198373338,0.00153739337433049,-4.959333465582227e-05,0.0,5.546087455749511,-3.8329615470009983,13,0.09154929577464789,0.09154929577464789,15332.059599999986,14.428003262198823,24.30429577464788,24.630831792975997
P0AG74,6549.9735683565805,118,55.508250579293055,0.358974358974359,0.17142857142857143,0.37142857142857144,-0.05932203389830509,0.000790002872737719,0.0013645504165469694,0.0021545532892846882,0.0005745475438092504,0.0,9.769168281555174,5.762185948868515,9,0.07627118644067797,0.07627118644067796,13602.539899999983,13.870767211395373,55.822033898305094,19.552444444444465
P0AB74,11955.772189903111,273,43.794037325652425,0.25,0.25,0.4411764705882353,0.0,0.0007351396765385423,0.0007876496534341526,0.0015227893299726949,5.250997689561026e-05,-0.16666666666666666,6.705887031555175,-0.3522249191836053,10,0.03663003663003663,0.07407407407407407,14818.83629999999,18.528417799590184,22.9311111111111,17.928208812260568
P23874,18545.40614906664,431,43.02878456860009,0.4,0.3548387096774194,0.2903225806451613,-0.037383177570093455,0.0008734387282732115,0.0011354703467551749,0.0020089090750283864,0.00026203161848196337,-0.08333333333333333,7.177650642395021,0.29722930180552254,26,0.060324825986078884,0.08580858085808582,33754.58280000001,21.93697506984994,39.469009900990095,49.47967324109503
D3QT67,6208.710934497755,97,64.00732922162635,0.4117647058823529,0.23684210526315788,0.4473684210526316,0.02061855670103093,0.0014879370815176957,0.0014879370815176957,0.0029758741630353915,0.0,-0.16666666666666666,5.674600410461426,-4.090093414726319,10,0.10309278350515463,0.10309278350515463,11341.727799999986,13.373497893519225,55.23103092783505,24.844793491864827
P30125,16000.035474299211,363,44.07723271156807,0.2,0.26011560693641617,0.19653179190751446,-0.024793388429752067,0.0003490957660754806,0.00030356153571780924,0.0006526573017932897,-4.5534230357671375e-05,-0.2,5.137699317932127,-12.789814717845388,26,0.07162534435261708,0.07162534435261708,39516.55920000006,21.134945386128127,41.50110192837465,23.512403044581355
P0A9S1,15382.331592138982,373,41.239494885091105,0.0,0.0,0.0,-0.0,0.0,0.0,0.0,0.0,-0.3333333333333333,4.419311332702637,-8.348245894445494,3,0.00804289544235925,0.041666666666666664,7723.475400000002,20.16685231920714,28.77777777777778,16.563409255242203
P0AFW0,8626.689907982996,141,61.18219792895742,0.38235294117647056,0.2916666666666667,0.4583333333333333,-0.030303030303030304,0.0005101520253035404,0.001224364860728497,0.0017345168860320376,0.0007142128354249566,-0.2,5.647090339660645,-1.1415571306462189,3,0.02127659574468085,0.07142857142857142,4702.3869,15.915132332424536,33.86428571428571,43.548099467140375
P0ACC7,21388.722453018996,449,47.63635290204676,0.27450980392156865,0.2857142857142857,0.18681318681318682,-0.004464285714285712,0.00026407047193877553,0.00027403539540816324,0.0005381058673469388,9.964923469387712e-06,-0.125,5.78310604095459,-8.161045039159788,21,0.0467706013363029,0.0467706013363029,48347.39230000002,30.793091275080826,26.18641425389754,20.40573590504452
P78055,10940.612580202482,220,49.730057182738555,0.07894736842105263,0.3162393162393162,0.3333333333333333,0.022727272727272728,0.0003512396694214876,0.0003512396694214876,0.0007024793388429753,0.0,-0.2,5.897579765319825,-2.2391566771529625,11,0.05,0.05,22996.555799999984,19.70236387669828,24.05090909090908,19.241605703657765
P0AFR4,10075.156018042602,199,50.62892471378192,0.4,0.5833333333333334,0.3333333333333333,0.020833333333333332,0.0013020833333333333,0.0013020833333333333,0.002604166666666667,0.0,-0.36363636363636365,4.321946144104005,-7.133031103932942,3,0.01507537688442211,0.05,6607.341100000003,16.35450796648592,32.19666666666666,13.3091030534351
P0A7A9,8398.38800271948,168,49.990404778092135,0.375,0.6666666666666666,0.3333333333333333,0.010309278350515465,0.0011690934211924752,0.0005314061005420342,0.0017004995217345094,-0.0006376873206504409,-0.3333333333333333,5.066252708435058,-1.2288530788416496,3,0.017857142857142856,0.12,2819.1306999999997,15.022447049377503,10.9,33.88703843255468
P41407,9850.928930937453,197,50.004715385469304,0.16666666666666666,0.23076923076923078,0.6923076923076923,0.0,0.0017236426314277509,0.0011490950876185005,0.002872737719046251,-0.0005745475438092504,-0.5,5.2879247665405265,-3.014164726892526,12,0.06091370558375635,0.08695652173913043,14716.679799999982,17.226393399866662,23.745652173913037,20.95087073007364
P39371,14605.190643056558,339,43.08315823910489,0.38636363636363635,0.3333333333333333,0.0,0.07920792079207921,0.0006862072345848446,0.0007842368395255368,0.0014704440741103815,9.802960494069218e-05,0.0,5.835682106018066,-0.2397766258698535,0,0.0,0.0,916.9753000000001,19.382933927492974,17.124999999999996,22.141616081986605
P32156,7012.085657657032,104,67.42390055439454,0.5333333333333333,0.29411764705882354,0.4411764705882353,-0.019230769230769232,0.001201923076923077,0.0010170118343195266,0.002218934911242604,-0.00018491124260355037,-0.125,5.2583116531372065,-5.136192133499003,12,0.11538461538461539,0.11538461538461539,12264.758699999993,13.937317147550921,75.44817307692308,15.332835648148158
P17443,15466.361735212638,351,44.063708647329456,0.21818181818181817,0.31097560975609756,0.1951219512195122,-0.017094017094017096,0.00020292043084065876,0.00033278950657868037,0.0005357099374193391,0.0001298690757380216,-0.09090909090909091,9.73583812713623,9.483010173123233,22,0.06267806267806268,0.06267806267806268,37466.926900000035,21.780898881167282,39.164387464387445,33.94032588101552
P0A715,12528.394586390368,266,47.09922776838484,0.15555555555555556,0.35443037974683544,0.2911392405063291,0.048780487804878044,0.00047590719809637125,0.0005472932778108269,0.0010232004759071981,7.138607971445563e-05,-0.2727272727272727,4.997932243347167,-1.0346724686774849,2,0.007518796992481203,0.06060606060606061,3673.277100000001,17.581547075460893,36.93939393939395,40.60957843137257
P0A9Q9,16725.000412892296,356,46.980338238461506,0.2903225806451613,0.4421052631578947,0.35789473684210527,-0.025974025974025972,0.0004685069620134556,0.00029984445568861153,0.0007683514177020671,-0.00016866250632484406,-0.2857142857142857,9.690194511413573,4.931721281979291,6,0.016853932584269662,0.048,13742.920399999983,22.56192556173557,29.648799999999994,43.28271323529409
P77731,8918.738956465348,152,58.67591418727202,0.0,0.5,0.5,0.0,0.0023781212841854932,0.0,0.0023781212841854932,-0.0023781212841854932,-0.5,4.0500284194946286,-5.249027458209397,1,0.006578947368421052,0.0625,1811.9401000000003,15.682413883655483,64.78750000000001,20.883431132844347
P37128,10773.291066285828,175,61.56166323591902,0.4857142857142857,0.4117647058823529,0.4117647058823529,0.007407407407407411,0.0010425240054869685,0.0009327846364883402,0.0019753086419753087,-0.00010973936899862828,-0.08333333333333333,4.5391847610473635,-4.137946168133437,2,0.011428571428571429,0.05,4575.260700000001,19.61952125348106,39.892500000000005,51.477411598302666
P0A823,11481.854464145184,232,49.4907520006258,0.4857142857142857,0.5,0.4375,0.0,0.0006805293005671077,0.000831758034026465,0.0015122873345935726,0.00015122873345935726,-0.16666666666666666,5.900649070739747,-2.2617830889031314,9,0.03879310344827586,0.07692307692307693,13097.825199999985,18.553500957562477,50.801709401709395,40.917391543108224
P78067,18229.235602000885,411,44.353371294406045,0.2,0.28448275862068967,0.3017241379310345,0.030470914127423823,0.0003222811365781417,0.0003529745781570123,0.000675255714735154,3.069344157887062e-05,-0.14285714285714285,6.2992040634155275,-0.23412872276554264,8,0.019464720194647202,0.16,5574.008500000003,22.041645380202336,39.202,35.67948948019801
P31658,12485.48319932219,272,45.90251176221393,0.42105263157894735,0.5,0.4,0.03125,0.001193576388888889,0.0008680555555555555,0.0020616319444444445,-0.0003255208333333335,-0.5,5.524318122863768,-0.2408973868096983,1,0.003676470588235294,0.16666666666666666,564.6311,17.852617134461454,47.800000000000004,16.41358561967835
P32718,13595.343526502293,270,50.353124172230714,0.0,0.0,0.0,0.0,0.0,0.0,0.0,0.0,0.0,11.553846549987792,3.5716277302176405,4,0.014814814814814815,0.1,4463.0693999999985,20.162873633124764,41.99499999999999,35.253574902723756
P0AGJ7,8178.030844479704,155,52.7614893192239,0.21428571428571427,0.2641509433962264,0.2641509433962264,-0.05806451612903226,0.0006243496357960458,0.0007075962539021853,0.001331945889698231,8.324661810613955e-05,-0.25,6.187288093566894,-2.0495251247971,15,0.0967741935483871,0.0967741935483871,17412.690699999977,14.942109150339585,45.365161290322575,40.432359183673505
P0A7I7,9246.217636086341,170,54.38951550639025,0.3181818181818182,0.3275862068965517,0.2413793103448276,-0.023529411764705882,0.0007612456747404844,0.000657439446366782,0.0014186851211072664,-0.00010380622837370245,-0.3333333333333333,8.496691322326662,0.7683264592851389,1,0.0058823529411764705,0.02702702702702703,4142.924500000001,16.39170371976814,22.051351351351354,23.455562264150966
P36767,17948.564541656055,289,62.105759659709534,0.0,0.0,0.0,0.0,0.0,0.0,0.0,0.0,-0.8,4.0500284194946286,-3.593372019713741,0,0.0,0.0,1997.2067000000002,24.573834933780653,25.855,50.065953118089226
P16685,9582.094978478759,144,66.54232623943582,0.45,0.3380281690140845,0.36619718309859156,-0.09027777777777778,0.0006751543209876543,0.0008198302469135802,0.0014949845679012345,0.00014467592592592592,-0.3333333333333333,6.503767585754394,-1.0470522806106715,9,0.0625,0.0625,15926.831399999981,18.797479244223165,30.663888888888874,37.81435411020773
P27245,9856.369169820518,138,71.42296499869941,0.45454545454545453,0.3488372093023256,0.38372093023255816,0.028985507246376815,0.0006826296996429323,0.000945179584120983,0.0016278092837639152,0.00026254988447805075,-0.2222222222222222,8.568315696716308,2.9794902484365835,5,0.036231884057971016,0.036231884057971016,15415.125999999995,18.247248965055604,18.70797101449275,56.00567717996286
P06988,21438.45436911029,427,50.20715308925127,0.0,0.2,0.7,-0.0,0.0,0.0,0.0,0.0,-0.6,6.453862953186035,-0.5035939103097382,1,0.00234192037470726,0.022727272727272728,4682.2503,26.31462678366563,32.48409090909092,25.008892733563982
P0ADR6,17043.83331625527,355,48.010798073958505,0.3333333333333333,0.35185185185185186,0.3148148148148148,-0.006410256410256401,0.0008218277449046679,0.0008218277449046679,0.0016436554898093358,0.0,-0.07692307692307693,9.02320461273193,3.3045438908354132,15,0.04225352112676056,0.11029411764705882,16024.285099999997,21.99517515797652,35.18161764705882,18.186564352982185
P0A959,17390.795178526474,404,43.04652271912494,0.14285714285714285,0.2988505747126437,0.22413793103448276,0.0024752475247524705,0.00029408881482207626,0.00030634251543966277,0.0006004313302617391,1.2253700617586509e-05,-0.2857142857142857,5.847390937805175,-6.620679245510253,36,0.0891089108910891,0.0891089108910891,45403.67330000005,21.263082514168612,37.3908415841584,56.799218016890784
P06149,20420.568148854654,502,40.67842260728019,0.2222222222222222,0.29292929292929293,0.35353535353535354,-0.022508038585209,0.00043423868653136343,0.00043423868653136343,0.0008684773730627269,0.0,-0.1111111111111111,6.429365348815917,-2.271242259406005,23,0.045816733067729085,0.12041884816753927,22233.94970000001,23.324999583645905,32.99795811518324,27.694024604569382
P0A7A5,9453.506472737892,207,45.66911339486904,0.32142857142857145,0.2602739726027397,0.2054794520547945,-0.05314009661835749,0.0005134308852015215,0.0005834441877290019,0.0010968750729305234,7.001330252748034e-05,-0.2,6.585388374328613,-0.7969588881051912,12,0.057971014492753624,0.05797101449275362,23126.290399999994,15.96130110930777,50.59903381642511,35.04440303221727
P0A955,9543.270090363554,213,44.804084931284294,0.05555555555555555,0.32978723404255317,0.2765957446808511,0.028169014084507043,0.00044082964138508676,0.00039674667724657806,0.0008375763186316647,-4.40829641385087e-05,-0.1111111111111111,5.568766212463378,-2.40753515357369,12,0.056338028169014086,0.056338028169014086,22283.75649999999,16.35134305090819,30.164788732394353,31.898154533844224
P76204,11739.541725035364,236,49.74382086879392,0.1509433962264151,0.34951456310679613,0.2912621359223301,-0.008474576271186439,0.0003770468256248205,0.0003770468256248205,0.000754093651249641,0.0,0.0,5.570812416076659,-6.565554516371531,24,0.1016949152542373,0.1016949152542373,26914.699600000004,18.10806453127248,35.897457627118634,13.303689473684203
P24232,18373.26182425869,396,46.39712581883508,0.2631578947368421,0.30337078651685395,0.24719101123595505,0.015151515151515152,0.00029971431486583,0.00029333741454953577,0.0005930517294153657,-6.376900316294222e-06,-0.125,5.483962440490722,-12.315381260794105,39,0.09848484848484848,0.09848484848484848,43867.1171000001,22.637085878657576,28.85459595959598,23.575440749112047
P61949,8086.330503985774,175,46.20760287991871,0.2894736842105263,0.328125,0.234375,0.02857142857142857,0.001142857142857143,0.0004897959183673469,0.0016326530612244896,-0.000653061224489796,-0.25,4.213099479675294,-23.742789383413555,19,0.10857142857142857,0.10857142857142857,19605.503099999998,15.119157634879743,30.04571428571427,23.53310469314079
P0ACX9,3890.5897376030202,40,97.2647434400755,0.5882352941176471,0.4,0.4,0.024999999999999994,0.00125,0.003125,0.004375,0.0018750000000000001,-0.14285714285714285,9.82860813140869,3.046850795930678,1,0.025,0.025,4487.2089,11.450034036357007,31.070000000000007,14.340917721518986
P76049,12341.518929152813,306,40.33176120638174,0.23728813559322035,0.28,0.192,-0.0032679738562091526,0.00035242855312059464,0.0002883506343713956,0.0006407791874919902,-6.407791874919901e-05,-0.2,5.029136848449707,-10.036440441422272,32,0.10457516339869281,0.1045751633986928,33658.12570000003,18.397889731595104,38.853921568627456,20.230598903416297
P37747,18083.51622153534,367,49.273886162221636,0.24358974358974358,0.328125,0.1796875,0.057220708446866476,0.00036380105279569975,0.0004231971430480589,0.0007869981958437587,5.939609025235916e-05,-0.1111111111111111,6.615228843688965,-1.5166476449540411,52,0.14168937329700274,0.1416893732970027,42965.32920000001,22.318126371857385,32.483651226158045,27.427935568704775
P16686,8008.71778280505,167,47.95639390901228,0.0,0.2,0.8,-0.07692307692307693,0.0,0.00591715976331361,0.00591715976331361,0.00591715976331361,-0.5,5.369090843200683,-2.9929357202380737,1,0.005988023952095809,0.021739130434782608,5156.0554,15.102813016715606,54.419565217391295,21.38270400000002
P76329,12047.819030087963,232,51.930254440034325,0.23404255319148937,0.3655913978494624,0.23655913978494625,-0.012931034482758622,0.0005016349583828775,0.0003530023781212842,0.0008546373365041618,-0.00014863258026159333,-0.375,4.732607841491699,-11.770549263936545,19,0.08189655172413793,0.08189655172413793,25761.90009999999,18.525936385164155,31.45646551724138,33.17304347826089
P0ABS1,9967.873234323672,145,68.74395334016326,0.5,0.375,0.3541666666666667,-0.034482758620689655,0.001379310344827586,0.0011414982164090369,0.0025208085612366225,-0.00023781212841854924,-0.1111111111111111,5.148953437805174,-6.048063670348732,8,0.05517241379310345,0.05517241379310345,16839.842299999993,19.29172906191359,45.28965517241378,50.29155216284985
P0A729,9586.310989600057,192,49.92870307083363,0.2692307692307692,0.3181818181818182,0.21212121212121213,-0.031249999999999993,0.0006510416666666667,0.0006781684027777778,0.0013292100694444445,2.7126736111111015e-05,-0.5,5.900137519836425,-3.50960456984264,12,0.0625,0.0625,21502.297000000006,17.771988098006005,47.01411458333332,28.283204530313082
P33012,9173.210723945971,155,59.182004670619165,0.27419354838709675,0.2222222222222222,0.4166666666666667,0.04516129032258065,0.0009157127991675337,0.00045785639958376693,0.0013735691987513008,-0.0004578563995837668,-0.1111111111111111,4.460860633850097,-11.400039346025356,22,0.14193548387096774,0.14193548387096774,17806.966599999992,15.762793343733678,37.63999999999998,15.508407643312097
P0AA37,11528.48705427856,209,55.1602251400888,0.0,0.0,0.0,0.0,0.005,0.0,0.005,-0.005,-0.42857142857142855,5.49828586578369,-0.6016816456925282,2,0.009569377990430622,0.25,895.9975000000002,17.483663553472987,33.5,33.30185096153845
P38051,18269.859296180002,429,42.58708460648019,0.2185430463576159,0.29850746268656714,0.22388059701492538,-0.046620046620046623,0.0002553778777555001,0.00030428002455974484,0.000559657902315245,4.890214680424473e-05,0.0,6.842073249816894,-0.5259840889781557,33,0.07692307692307693,0.07692307692307693,48503.6528000001,22.311731141856942,48.96414918414919,48.62980696109976
P37634,13036.914896262246,279,46.727293534990125,0.18181818181818182,0.24509803921568626,0.20588235294117646,-0.01433691756272401,0.00038540100975064555,0.0005395614136509037,0.0009249624234015493,0.00015416040390025816,-0.13333333333333333,8.608415031433108,2.7623719073608086,24,0.08602150537634409,0.08602150537634409,31810.10470000001,18.03348349828499,47.99641577060929,13.280000000000015
P0A962,14962.991111323516,330,45.342397307040955,0.3037974683544304,0.32098765432098764,0.20987654320987653,-0.01792114695340502,0.0003340142084505595,0.00035970760910060255,0.0006937218175511621,2.5693400650043062e-05,-0.35714285714285715,5.08569164276123,-3.0507819797788507,1,0.0030303030303030303,0.0196078431372549,5495.1607,21.047532849823888,33.54509803921568,27.02689533516266
P00934,15734.77576182899,428,36.76349477062848,0.12,0.26288659793814434,0.13917525773195877,0.011682242990654207,0.00027840859463708616,0.00025111363437854836,0.0005295222290156345,-2.7294960258537806e-05,-0.14285714285714285,5.2375085830688475,-13.590244759798509,36,0.08411214953271028,0.08411214953271028,47113.25360000006,20.275589053853498,35.91357476635513,30.441737288135542
P22256,18400.477367516512,425,43.295240864744734,0.21518987341772153,0.2824858757062147,0.23728813559322035,0.0023529411764705854,0.0002657439446366782,0.00027681660899653976,0.000542560553633218,1.107266435986155e-05,-0.1111111111111111,5.781685066223144,-8.201143701554948,27,0.06352941176470588,0.06352941176470589,45642.91039999999,21.60944651747523,33.94331764705882,20.406484716157173
P37146,12633.327734430339,284,44.483548360670206,0.0,0.25892857142857145,0.16964285714285715,0.0176056338028169,0.00043394167823844476,0.00032235667526284465,0.0007562983535012895,-0.00011158500297560011,-0.09090909090909091,4.835827445983886,-11.864812465519837,34,0.11971830985915492,0.11971830985915494,32515.67920000001,18.955867916730757,36.00637323943663,18.257908496732036
P0A722,11808.183600148584,262,45.06940305400223,0.358974358974359,0.35555555555555557,0.24444444444444444,-0.019083969465648852,0.00036419789056581784,0.0004953091311695123,0.0008595070217353301,0.00013111124060369446,-0.2222222222222222,6.630518531799317,-1.4618982564730416,16,0.061068702290076333,0.06106870229007634,28079.665300000008,20.063253689434887,27.438167938931294,17.838110435663577
P0AC13,12760.351572829783,282,45.24947366251696,0.09523809523809523,0.33587786259541985,0.2366412213740458,0.0,0.0004149690659423571,0.00042754388612242843,0.0008425129520647855,1.2574820180071325e-05,-0.08333333333333333,5.676987648010253,-8.502528490175433,14,0.04964539007092199,0.04964539007092198,30614.766300000025,18.020494020027915,32.554255319148936,22.24654401490453
P52045,13189.510350494204,256,51.52152480661798,0.4117647058823529,0.4375,0.3125,0.0,0.000991866693116445,0.0013886133703630231,0.002380480063479468,0.00039674667724657817,-0.3333333333333333,5.203859901428221,-8.585703838087646,14,0.0546875,0.07567567567567568,20712.554599999996,18.59161339016323,42.58918918918919,20.475156482861387
P23869,7300.080785795981,163,44.785771691999884,0.31666666666666665,0.36,0.16,0.03680981595092024,0.0006774812751703112,0.0006774812751703113,0.0013549625503406224,1.0842021724855044e-19,-0.5,5.690003776550292,-4.059989836772573,16,0.09815950920245399,0.09815950920245399,18024.15269999998,14.487041238756058,20.838711656441713,20.332671232876713
P61517,12179.288728188205,214,56.91256415041217,0.26666666666666666,0.32432432432432434,0.27927927927927926,-0.014018691588785048,0.0005458992051707572,0.0006114071097912482,0.0011573063149620054,6.550790462049095e-05,0.0,5.918496513366699,-5.374471704636253,16,0.07476635514018691,0.07476635514018691,24377.65190000002,19.152156089984004,32.47429906542057,28.68495626822151
P0AES2,16611.887388794814,429,38.722348225628934,0.4722222222222222,0.42857142857142855,0.39285714285714285,0.022727272727272728,0.0007747933884297521,0.0010330578512396695,0.0018078512396694215,0.00025826446280991736,-0.5,5.551998710632325,-10.170624025187841,30,0.06993006993006994,0.08797653958944282,37860.65860000001,20.902586047447297,27.75131964809385,26.474742424242418
P28905,7697.411768240669,147,52.36334536218142,0.2777777777777778,0.3469387755102041,0.24489795918367346,-0.04081632653061224,0.0008792632699338239,0.0008329862557267804,0.0017122495256606043,-4.627701420704348e-05,-0.3333333333333333,5.905537223815918,-1.400578722952993,16,0.10884353741496598,0.10884353741496598,16632.567299999988,14.366746139175586,53.71095238095238,26.72341400172861
P07013,6830.471813394361,97,70.41723518963258,0.375,0.0,0.0,-0.08333333333333333,0.0008680555555555555,0.0026041666666666665,0.003472222222222222,0.001736111111111111,-0.25,4.507127571105957,-2.1732164978438404,0,0.0,0.0,1164.3511,14.605626359024411,72.2,24.19871829105475
P0AB87,10081.6418931064,206,48.94000918983689,0.05714285714285714,0.3076923076923077,0.23076923076923078,-0.004854368932038833,0.0004712979545668772,0.0005891224432085964,0.0010604203977754737,0.00011782448864171925,-0.14285714285714285,6.104416847229003,-4.5427172579298265,12,0.05825242718446602,0.058252427184466014,22684.816700000025,17.11075765779835,43.40631067961165,19.179723791588227
P12758,11529.621238023272,250,46.118484952093084,0.2535211267605634,0.25882352941176473,0.23529411764705882,-0.016,0.00041600000000000003,0.00041600000000000003,0.000832,0.0,-0.375,5.6506143569946286,-5.912347981101487,14,0.056,0.056,26812.334599999995,18.004545661838847,26.817239999999995,11.959644204851758
P0AA04,4848.392614041959,85,57.03991310637599,0.30434782608695654,0.27586206896551724,0.3103448275862069,0.07058823529411765,0.001107266435986159,0.0009688581314878893,0.002076124567474048,-0.00013840830449826972,-0.25,5.646067237854004,-2.30064774437626,4,0.047058823529411764,0.047058823529411764,9119.2594,11.738173066444528,17.15411764705883,20.920968749999986
P0A901,8650.737137108035,168,51.4924829589764,0.3157894736842105,0.34782608695652173,0.391304347826087,-0.023809523809523808,0.0006023242630385487,0.0007794784580498865,0.0013818027210884354,0.0001771541950113378,-0.14285714285714285,8.950097465515139,3.0291139383303616,23,0.13690476190476192,0.1369047619047619,19070.232199999988,14.993315340863592,25.0655357142857,17.18622683469238
P64559,5784.088091488116,89,64.98975383694513,0.0,0.2833333333333333,0.3,-0.07865168539325842,0.0018937002903673778,0.001767453604342886,0.0036611538947102637,-0.00012624668602449177,-0.4,5.4918062210083,-3.8825290717421,7,0.07865168539325842,0.07865168539325842,10684.16079999999,12.622434287765792,43.22808988764043,14.266091644204845
P65870,7060.449429536227,117,60.345721619967755,0.4523809523809524,0.3055555555555556,0.3333333333333333,0.01709401709401709,0.000949667616334283,0.0012418730367448317,0.0021915406530791147,0.00029220542041054863,0.0,6.209114265441894,-2.8501842911347897,12,0.10256410256410256,0.10256410256410256,13324.168299999987,15.469788633812222,16.723931623931623,63.470946808510675
P0ABD3,8875.552680246281,157,56.532182676727906,0.0,0.30327868852459017,0.2459016393442623,0.0,0.001217087914317011,0.0008113919428780073,0.0020284798571950182,-0.00040569597143900364,0.0,4.720444297790528,-14.008332137826645,12,0.07643312101910828,0.07643312101910828,18437.764199999998,17.444433106800414,49.308917197452224,9.713850641773648
P16456,14162.718110857868,319,44.39723545723469,0.2948717948717949,0.30973451327433627,0.17699115044247787,0.0,0.00035377010839123045,0.00029480842365935865,0.000648578532050589,-5.8961684731871796e-05,-0.25,5.106381034851074,-9.787821971065608,18,0.05642633228840126,0.05642633228840126,33694.45030000001,19.199036547171577,31.05141065830721,88.21041195110942
P0ACY1,10500.30091948819,177,59.323734008407854,0.25806451612903225,0.28205128205128205,0.3333333333333333,-0.04242424242424242,0.0006611570247933884,0.0006978879706152432,0.0013590449954086316,3.673094582185487e-05,-0.2,4.0500284194946286,-1.2397766258698537,3,0.01694915254237288,0.25,1396.5414999999998,17.61947541229849,27.908333333333335,11.676004398826981
P23843,22111.077443225382,517,42.76804147625799,0.3739130434782609,0.23333333333333334,0.2388888888888889,0.04448742746615088,0.00023569993527604953,0.00024318247290386065,0.00047888240817991015,7.48253762781112e-06,0.0,5.849266624450683,-7.209572895684694,53,0.10251450676982592,0.10251450676982592,58359.09120000003,24.356475672124066,36.270812379110225,30.963031772980763
P0A799,16591.05854186472,386,42.982016947836065,0.16666666666666666,0.2611464968152866,0.21656050955414013,0.046632124352331605,0.00035571424736234526,0.00030202153077934975,0.0006577357781416951,-5.369271658299551e-05,0.0,5.078700447082518,-11.15237871516517,22,0.05699481865284974,0.056994818652849735,40986.51340000004,23.351776157634973,25.26943005181346,45.478962526023636
P0AEN1,11464.080053595664,226,50.726017936264,0.4,0.0,0.0,-0.03076923076923077,0.0016568047337278107,0.0014201183431952664,0.0030769230769230774,-0.0002366863905325443,0.0,5.333680152893066,-6.695801107142351,14,0.061946902654867256,0.08695652173913043,18202.505299999993,17.531872243007385,35.045341614906825,25.625585284280945
P15034,19796.017454486027,439,45.09343383709801,0.23529411764705882,0.35,0.3,-0.06048387096774194,0.0005202913631633715,0.0005528095733610822,0.0010731009365244537,3.2518210197710626e-05,-0.15384615384615385,4.750512123107909,-11.776134885406137,12,0.02733485193621868,0.06282722513089005,21166.959500000004,25.218354319378644,33.1722513089005,20.121528771829386
P17993,9814.143745013425,217,45.22646887102961,0.2857142857142857,0.2962962962962963,0.25925925925925924,0.0,0.000717128617017462,0.0006454157553157159,0.001362544372333178,-7.171286170174612e-05,-0.16666666666666666,8.359115791320804,1.0234826188851658,5,0.02304147465437788,0.1,5736.516500000002,16.078887271689393,21.491999999999997,28.609160073037174
P21165,19741.10944271834,441,44.76442050503025,0.14473684210526316,0.28402366863905326,0.20118343195266272,0.004535147392290252,0.0002725201947748109,0.0002879458661771587,0.0005604660609519696,1.542567140234779e-05,-0.2631578947368421,5.665221977233887,-13.845442492675645,46,0.10430839002267574,0.10430839002267572,49915.24980000006,24.13699536964477,47.62768707482996,19.968743618831528
P0AFP6,11342.542040932773,243,46.67712774046409,0.6666666666666666,0.3,0.55,0.039473684210526314,0.0013850415512465372,0.001038781163434903,0.0024238227146814403,-0.0003462603878116341,-0.25,4.873909568786621,-6.682625637501365,10,0.0411522633744856,0.08928571428571427,12144.352299999986,18.960994807168763,39.327767857142845,17.492991957104575
Q93K97,11875.119036848697,202,58.78771800420147,0.3670886075949367,0.3090909090909091,0.2909090909090909,-0.05445544554455445,0.0007842368395255367,0.0006126850308793255,0.0013969218704048623,-0.00017155180864621112,-0.25,4.973946189880371,-12.36174412527507,16,0.07920792079207921,0.07920792079207921,22854.528900000005,19.901920925049485,46.62623762376237,21.90677619342842
P0AB83,10709.42083167019,211,50.75554896526156,0.0,0.296875,0.2265625,0.023696682464454978,0.000494148828642663,0.0006738393117854495,0.0011679881404281125,0.00017969048314278656,-0.1111111111111111,8.435188484191897,2.9903167476536154,13,0.061611374407582936,0.061611374407582936,23562.112700000027,18.960432336315236,33.63744075829385,22.557987915407868
P66817,9866.899440616307,193,51.12383129853009,0.17391304347826086,0.3119266055045872,0.26605504587155965,-0.04145077720207254,0.0005100808075384573,0.0005100808075384573,0.0010201616150769146,0.0,-0.14285714285714285,5.632766914367674,-4.9917861481498065,6,0.031088082901554404,0.031088082901554404,20747.53489999999,17.021051001952838,33.51554404145076,16.442831491712724
P0AG82,13354.337398435631,321,41.60229719138826,0.18055555555555555,0.23387096774193547,0.24193548387096775,0.08411214953271028,0.0003202608670335109,0.0003202608670335109,0.0006405217340670219,0.0,0.0,6.923864555358887,-0.057233549182626575,32,0.09968847352024922,0.0996884735202492,34421.28580000001,20.068582460529775,25.32180685358255,14.147355303810455
P37025,9770.604071762864,169,57.81422527670334,0.6666666666666666,0.3870967741935484,0.5161290322580645,-0.06818181818181818,0.0010330578512396695,0.0012913223140495868,0.0023243801652892563,0.00025826446280991736,-0.1,9.989069938659668,3.1355729254777858,9,0.05325443786982249,0.1607142857142857,6437.2394,16.202031092942466,50.4125,25.08309171597629
P0A6M4,8106.64737754494,145,55.907912948585796,0.4,0.3235294117647059,0.2647058823529412,-0.04827586206896552,0.0008561236623067776,0.0006183115338882283,0.0014744351961950058,-0.00023781212841854935,-0.1111111111111111,4.776146507263183,-5.485548368385778,10,0.06896551724137931,0.06896551724137931,15949.88089999999,15.156554095737041,20.069655172413793,25.036463636363628
P76562,29986.749829390665,648,46.27584850214609,0.0,0.0,1.0,0.0,0.0,0.0,0.0,0.0,0.0,9.359213829040527,0.7707145225886158,3,0.004629629629629629,0.08823529411764705,4156.7078,28.438205636504186,31.852941176470587,38.077210804462645
P0AGC3,29003.616049567056,618,46.93141755593375,0.0,0.2511520737327189,0.1935483870967742,-0.03398058252427185,0.00017804589394748694,0.00019113750379656688,0.00036918339774405376,1.3091609849079941e-05,0.0,8.483991050720217,3.089069053566945,65,0.10517799352750809,0.10517799352750809,70467.83150000029,29.283486398531434,41.26555016181235,17.101146253021675
P64618,5547.260675853195,88,63.03705313469539,0.0,0.2777777777777778,0.4444444444444444,0.0,0.005353955978584177,0.001189767995240928,0.006543723973825104,-0.004164187983343249,-0.3333333333333333,5.180442237854003,-3.954699603880571,4,0.045454545454545456,0.0851063829787234,5569.291799999998,12.350227171534282,81.18510638297872,44.36778074866308
Q46893,11740.565089775353,225,52.18028928789046,0.22807017543859648,0.23684210526315788,0.25,-0.048888888888888885,0.0004938271604938272,0.0006123456790123457,0.0011061728395061728,0.00011851851851851856,0.0,6.25964412689209,-3.2891113150201257,11,0.04888888888888889,0.04888888888888889,24508.62720000001,17.752934927153674,37.86226666666666,24.704220023282904
P0A6R0,13328.306871173792,317,42.04513208572174,0.2125,0.3203125,0.171875,-0.012618296529968456,0.0003383454905512046,0.0002885888007642628,0.0006269342913154674,-4.975668978694184e-05,-0.09090909090909091,5.077506828308104,-11.798808460099416,18,0.056782334384858045,0.056782334384858045,33514.741300000045,18.787416631517402,25.50094637223975,16.130238602471255
P52061,10498.426083695867,205,51.211834554613986,0.0,0.0,0.0,-0.0,0.0,0.0,0.0,0.0,0.0,6.453578758239746,-0.8934802808060525,7,0.03414634146341464,0.07692307692307693,10012.194699999991,17.723462455098424,33.84285714285714,19.547238855622098
P52129,17687.051863396155,335,52.797169741481056,0.0,0.2857142857142857,0.7142857142857143,-0.030303030303030304,0.0018365472910927456,0.0027548209366391185,0.004591368227731864,0.0009182736455463729,-0.16666666666666666,9.699800300598145,1.7582153722321434,2,0.005970149253731343,0.13333333333333333,1705.0088,24.069895265301586,-14.560000000000002,38.28185551330798
P25746,10643.454679219281,213,49.96927079445672,0.0,0.2229299363057325,0.2229299363057325,-0.03755868544600939,0.000264497784831052,0.00046287112345434105,0.000727368908285393,0.00019837333862328903,-0.14285714285714285,9.340131187438963,4.281742316219164,8,0.03755868544600939,0.03755868544600939,22873.136799999986,16.61565877809429,42.35117370892019,9.47878504672896
P0ACB2,14949.236393635225,323,46.28246561496974,0.16071428571428573,0.3161764705882353,0.23529411764705882,-0.024767801857585134,0.0004409128813656797,0.000392987568173758,0.0008339004495394377,-4.792531319192171e-05,0.0,5.249160575866698,-10.062951785362543,22,0.06811145510835913,0.06811145510835913,35493.22319999999,20.456701055577543,35.58671826625387,33.78593800322065
P77499,12075.211132952632,244,49.48857021701899,0.328125,0.25842696629213485,0.2247191011235955,0.008196721311475405,0.0006046761623219564,0.0004703036818059661,0.0010749798441279225,-0.00013437248051599029,-0.25,4.888574028015137,-12.022769847748084,19,0.0778688524590164,0.0778688524590164,27095.55290000002,18.345700293075677,37.21680327868853,45.249824000000004
P0A9T6,7377.383790504775,102,72.3272920637723,0.0,0.3150684931506849,0.3972602739726027,-0.03921568627450981,0.0015378700499807767,0.001057285659361784,0.0025951557093425604,-0.0004805843906189927,0.0,4.888005638122559,-6.030483205143582,8,0.0784313725490196,0.0784313725490196,11957.445899999995,19.88064166268184,32.681372549019606,40.118108433734946
P0A9R4,5972.001940281403,109,54.78900862643489,0.28,0.23529411764705882,0.29411764705882354,-0.027522935779816515,0.0017675279858597763,0.0008416799932665601,0.0026092079791263365,-0.0009258479925932162,0.0,4.458757591247559,-13.711466717641343,3,0.027522935779816515,0.027522935779816515,12062.366999999987,12.939345907289278,65.81284403669726,28.53779499404051
P0C960,9631.247440669442,190,50.690776003523375,0.3333333333333333,0.20833333333333334,0.23333333333333334,0.010526315789473682,0.0004709141274238227,0.0006371191135734072,0.0011080332409972298,0.0001662049861495845,0.0,8.124193000793458,1.303266194825504,13,0.06842105263157895,0.06842105263157895,20842.4402,16.248020095895686,36.786315789473676,19.743183367416485
P67910,11952.970689460502,272,43.944745181840084,0.23529411764705882,0.21428571428571427,0.5357142857142857,0.05194805194805195,0.002023950075898128,0.000674650025299376,0.002698600101197504,-0.001349300050598752,-0.4,4.782853507995605,-1.237040944879594,6,0.022058823529411766,0.16666666666666666,4084.520700000001,17.7874892275519,29.438888888888894,33.075160989267296
P0AG86,7884.3489865653355,134,58.83842527287564,0.4666666666666667,0.2727272727272727,0.3181818181818182,-0.007462686567164178,0.0007239919803965248,0.00033415014479839606,0.001058142125194921,-0.00038984183559812876,-0.25,4.4554040908813475,-8.342603881572938,15,0.11194029850746269,0.11194029850746268,14961.916599999984,17.323600022427275,42.76716417910447,54.38858095238096
P0ACA1,10911.06568799118,201,54.28390889547851,0.38461538461538464,0.22340425531914893,0.30851063829787234,-0.022988505747126436,0.0007266481701677897,0.0005284713964856652,0.001255119566653455,-0.00019817677368212444,-0.16666666666666666,8.567090797424317,0.8286867233712103,2,0.009950248756218905,0.07407407407407407,3136.5616,16.945292580986397,39.85925925925926,14.776335443037977
P76458,10712.313957936682,217,49.36550211030729,0.19047619047619047,0.38095238095238093,0.30952380952380953,-0.03968253968253968,0.0005668934240362811,0.0005668934240362811,0.0011337868480725622,0.0,-0.2857142857142857,4.657580375671387,-6.889889710716089,3,0.013824884792626729,0.03296703296703297,10025.281499999996,17.782602388010496,27.351648351648343,30.107910447761164
P77781,7438.804978335315,136,54.697095428936144,0.42592592592592593,0.4074074074074074,0.1111111111111111,-0.029411764705882353,0.0007569204152249136,0.0009731833910034603,0.001730103806228374,0.00021626297577854667,-0.25,6.957001686096191,-0.07395245117024274,7,0.051470588235294115,0.051470588235294115,14945.0923,14.761661227751707,41.076470588235274,15.822122370936887
P08179,10458.010973702574,209,50.038330017715666,0.1346153846153846,0.32432432432432434,0.21621621621621623,-0.019138755980861243,0.0005265447219614935,0.0005723312195233626,0.001098875941484856,4.578649756186912e-05,-0.14285714285714285,5.756107521057129,-6.604295697035681,16,0.07655502392344497,0.07655502392344497,22922.716599999985,16.797810597640648,48.999521531100484,18.401682127396388
P24203,15286.65637652376,317,48.22289077767748,0.18947368421052632,0.2736842105263158,0.2736842105263158,-0.015772870662460567,0.00045776154603986507,0.00033834549055120457,0.0007961070365910697,-0.0001194160554886605,-0.15789473684210525,4.771769905090332,-18.518501198670137,23,0.07255520504731862,0.0725552050473186,35528.07740000003,20.91498086210151,24.401261829652984,46.44998799039228
P0A6C1,11999.851185457961,285,42.10474100160688,0.07317073170731707,0.32,0.2,-0.0035087719298245654,0.00045552477685441674,0.000443213296398892,0.0008987380732533087,-1.2311480455524742e-05,-0.1,5.430249595642089,-11.454578314257454,24,0.08421052631578947,0.08421052631578947,31479.15880000001,18.203197427295756,35.629122807017545,18.259812012838097
P06968,8793.413084875247,136,64.65744915349445,0.3333333333333333,0.14285714285714285,0.5714285714285714,0.0,0.0007028546712802769,0.0005406574394463668,0.0012435121107266436,-0.00016219723183391003,-0.36363636363636365,4.968603324890137,-5.229806825022418,8,0.058823529411764705,0.058823529411764705,14657.860699999994,16.935317824168557,35.98749999999998,16.250038610038636
P0AC65,5131.363712746688,76,67.51794358877221,0.29411764705882354,0.25,0.39285714285714285,-0.10526315789473684,0.0012119113573407201,0.0015581717451523547,0.002770083102493075,0.0003462603878116345,0.0,7.8592924118042005,0.6696587353465535,6,0.07894736842105263,0.07894736842105263,8701.920699999995,12.027940284695084,33.71184210526315,20.94684210526317
P21338,11378.391741832562,245,46.442415272785965,0.175,0.3113207547169811,0.16037735849056603,-0.008163265306122457,0.00043315285297792583,0.0005497709287796751,0.000982923781757601,0.00011661807580174929,-0.15384615384615385,8.586173439025881,4.063170246954659,24,0.09795918367346938,0.0979591836734694,27156.3634,17.231691290360963,42.5289795918367,16.29580926430518
P69783,6519.972013348718,150,43.46648008899145,0.27692307692307694,0.2857142857142857,0.42857142857142855,0.06666666666666667,0.0010666666666666667,0.0006666666666666666,0.0017333333333333333,-0.0004000000000000001,0.0,4.678099250793457,-10.38260733980804,7,0.04666666666666667,0.04666666666666667,16171.461799999997,13.976132802135991,31.507999999999992,38.19486901535683
P0AG80,17141.497357681626,418,41.0083668844058,0.1323529411764706,0.2692307692307692,0.16826923076923078,0.059808612440191394,0.000274718985371214,0.00028044229756644766,0.0005551612829376617,5.723312195233653e-06,0.0,6.0803739547729485,-2.7782235046867356,48,0.11483253588516747,0.11483253588516747,46448.774500000014,21.203536945412026,32.49645933014353,23.16242516799019
P76116,14765.229639513043,318,46.43153974689636,0.0,0.0,0.0,0.0,0.0,0.0,0.0,0.0,0.0,8.751986122131349,1.7379718927706307,9,0.02830188679245283,0.05389221556886228,18214.384599999987,18.77640920223077,23.99520958083831,26.581584320130684
P00370,19058.105442220225,442,43.11788561588286,0.1506849315068493,0.248868778280543,0.20361990950226244,0.0,0.00024057656477140108,0.0002610511660285416,0.0005016277307999426,2.047460125714052e-05,-0.06666666666666667,6.102086448669432,-4.631606629314902,36,0.08144796380090498,0.08144796380090497,47942.14130000006,21.814830715111224,26.282352941176462,40.21606114839666
P0A858,11791.49075706554,255,46.24114022378643,0.05555555555555555,0.25396825396825395,0.2698412698412698,0.03137254901960784,0.0004459823144944252,0.0004459823144944252,0.0008919646289888506,0.0,-0.3333333333333333,5.637143516540527,-6.782786486062157,13,0.050980392156862744,0.050980392156862744,26971.50249999998,17.294393550909874,26.549803921568625,17.056698362387746
P16688,13455.488550549622,277,48.57577094061236,0.2545454545454545,0.26506024096385544,0.26506024096385544,-0.03610108303249097,0.00048221663256395883,0.0003909864588356423,0.0008732030913996011,-9.123017372831654e-05,-0.2222222222222222,4.971331596374512,-10.754903155093526,27,0.09747292418772563,0.09747292418772563,31343.185900000022,19.081849848106305,43.890613718411544,29.93467887781132
P27828,17885.09377564701,366,48.86637643619401,0.0,0.2,0.8,0.07142857142857142,0.0,0.00510204081632653,0.00510204081632653,0.00510204081632653,0.0,9.29996738433838,1.539322878588226,1,0.00273224043715847,0.037037037037037035,2984.3099,21.755111316510114,45.574074074074076,29.096203319502127
P0AEI6,8454.317014052482,150,56.362113427016546,0.36363636363636365,0.23529411764705882,0.20588235294117646,-0.013333333333333332,0.0008444444444444444,0.0006666666666666666,0.001511111111111111,-0.00017777777777777779,-0.3,5.0432329177856445,-8.984286644481976,15,0.1,0.1,17163.373899999988,15.160070637797727,54.824000000000005,24.375240066225167
P0AG16,21371.92922528265,492,43.438880539192375,0.1565217391304348,0.2926829268292683,0.20121951219512196,-0.044715447154471545,0.0002643928878313174,0.0002561306100865887,0.0005205234979179061,-8.262277744728675e-06,-0.09523809523809523,5.538414192199705,-9.43433239924785,40,0.08130081300813008,0.08130081300813008,54959.75820000008,23.837265239124726,38.152865853658525,24.515220550077828
P0ACS9,11891.387923013983,207,57.44631846866658,0.0,0.35251798561151076,0.2158273381294964,-0.019323671497584544,0.000653457490256482,0.0006067819552381618,0.0012602394454946438,-4.667553501832016e-05,-0.3,5.4746408462524405,-5.788959168588445,17,0.0821256038647343,0.0821256038647343,23834.318800000023,19.393047397335355,62.24492753623186,71.23633971291864
P0A8U0,9608.35327348312,181,53.08482471537636,0.2765957446808511,0.2833333333333333,0.2833333333333333,0.0055248618784530384,0.0007325783706236073,0.0005494337779677054,0.0012820121485913128,-0.0001831445926559019,-0.2222222222222222,4.900169181823729,-10.972087153645383,17,0.09392265193370165,0.09392265193370165,20708.23540000002,16.253408290153946,42.581270718232034,23.89913013698633
P0AFI0,22070.048531474138,547,40.347437900318354,0.13402061855670103,0.27165354330708663,0.19291338582677164,-0.012797074954296161,0.00018047585467014692,0.00017379156375643782,0.00035426741842658474,-6.684290913709103e-06,-0.2222222222222222,5.461454200744629,-10.338671057594851,34,0.062157221206581355,0.06215722120658135,58717.4332000001,24.88492739032829,38.90859232175506,32.79882823871901
P68661,4567.668122329856,80,57.095851529123195,0.0,0.6666666666666666,0.3333333333333333,-0.13333333333333333,0.0011111111111111111,0.0044444444444444444,0.005555555555555556,0.003333333333333333,-0.2,8.792794609069826,0.7976760489282952,1,0.0125,0.07692307692307693,1512.7942999999998,11.70975828923225,0.592307692307692,35.74093378607808
P21889,28512.924304739758,585,48.74004154656369,0.272108843537415,0.26865671641791045,0.2537313432835821,-0.018803418803418806,0.00024253049894075535,0.00023084228212433343,0.00047337278106508875,-1.1688216816421927e-05,-0.15,5.465944480895996,-11.648794589229453,47,0.08034188034188035,0.08034188034188033,65356.12130000024,29.83844093046416,36.419162393162395,24.890714285714363
P75791,16665.802211417344,397,41.97935065848198,0.6666666666666666,0.4675324675324675,0.5194805194805194,-0.025862068965517238,0.0010404280618311534,0.0011890606420927466,0.0022294887039239,0.00014863258026159322,-0.21428571428571427,5.136164665222167,-7.723693834931112,14,0.03526448362720403,0.08383233532934131,18469.0447,21.104890078400036,45.6065868263473,14.906367656348658
P0AB26,10085.671199003418,164,61.4979951158745,0.0,0.0,0.0,0.0,0.0,0.125,0.125,0.125,0.0,9.529474830627443,1.797499507804504,1,0.006097560975609756,0.05,2138.5914000000002,18.469583523246214,23.330000000000002,42.21552693208427
P0A9W3,28568.169594008068,528,54.10638180683346,0.0,0.0,0.0,0.0,0.0,0.0,0.0,0.0,-0.6666666666666666,4.973491477966308,-4.073419201616989,8,0.015151515151515152,0.1509433962264151,6391.031999999999,37.29359499955582,46.78490566037735,36.51681697612731
P31545,17113.727787369073,372,46.00464458970181,0.35,0.25301204819277107,0.40963855421686746,-0.0034722222222222238,0.0004099151234567901,0.00044608410493827163,0.0008559992283950617,3.6168981481481534e-05,-0.09523809523809523,5.672440528869629,-1.454074998591409,11,0.02956989247311828,0.13095238095238093,9302.492299999993,21.138573884604487,30.044047619047614,25.44238683127569
P34209,12433.527320898083,261,47.63803571225319,0.14285714285714285,0.25862068965517243,0.1896551724137931,-0.04980842911877394,0.0003963535473642489,0.0003816737863507582,0.0007780273337150072,-1.4679761013490695e-05,0.0,5.375684165954591,-9.157494448941314,22,0.0842911877394636,0.08429118773946359,29089.608100000016,18.354872747864945,41.87241379310346,19.92812378167645
P76539,9392.262935960696,140,67.08759239971926,0.10344827586206896,0.3333333333333333,0.27450980392156865,-0.05,0.0012755102040816326,0.0009183673469387755,0.0021938775510204084,-0.0003571428571428571,-0.21428571428571427,4.869021415710448,-10.118327506751207,11,0.07857142857142857,0.07857142857142857,16148.213999999993,15.026774828764811,40.57285714285713,17.990044169611306
P0A8P1,11496.88099808939,221,52.02208596420538,0.25,0.0,0.8571428571428571,-0.07894736842105263,0.0006925207756232687,0.0020775623268698058,0.0027700831024930744,0.0013850415512465372,-0.16666666666666666,11.700318717956542,2.7501706243902895,3,0.013574660633484163,0.16666666666666666,2172.5560000000005,17.595301430130025,48.7,18.342031782065845
P09148,16719.664512892814,340,49.17548386144945,0.2,0.0,0.75,-0.08571428571428572,0.0,0.004081632653061224,0.004081632653061224,0.004081632653061224,-0.42857142857142855,5.445766639709471,-11.218472450535074,32,0.09411764705882353,0.10491803278688525,34587.53590000007,20.560000141807542,28.57544262295082,19.3837934822409
P76364,6836.998272347073,106,64.49998370138748,0.2857142857142857,0.38461538461538464,0.6153846153846154,-0.07407407407407407,0.0013717421124828531,0.0017146776406035665,0.0030864197530864196,0.00034293552812071334,-0.5,6.217469596862792,-0.23284964506899786,0,0.0,0.0,502.5618,13.981115046692548,7.5,44.93224732461355
P76469,12587.056324714726,256,49.1681887684169,0.12195121951219512,0.3277310924369748,0.29411764705882354,-0.02734375,0.0004119873046875,0.0003204345703125,0.000732421875,-9.1552734375e-05,-0.4,4.918414497375487,-8.219580561787694,18,0.0703125,0.0703125,27757.362099999995,18.56470639531568,34.509375000000006,20.76395181957967
P0A9J4,13257.702384298105,291,45.559114722673904,0.1896551724137931,0.27007299270072993,0.1897810218978102,-0.03092783505154639,0.0003778887826076688,0.00037788878260766877,0.0007557775652153377,-5.421010862427522e-20,0.0,5.52033939361572,-10.449661533029548,15,0.05154639175257732,0.051546391752577324,32443.755000000026,19.357694023568026,50.25876288659794,29.48301720335246
P76541,10222.162169987912,214,47.76711294386875,0.3220338983050847,0.2608695652173913,0.21739130434782608,-0.018691588785046724,0.00043671936413660576,0.0002838675866887937,0.0007205869508253995,-0.00015285177744781204,-0.16666666666666666,4.64865665435791,-9.684780320812463,14,0.06542056074766354,0.06542056074766354,22187.84729999999,17.517808105154288,35.06121495327101,21.625894804361778
P32676,6345.721631832628,110,57.68837847120571,0.0,0.0,0.0,0.0,0.0,0.0,0.0,0.0,-0.8333333333333334,8.489084053039551,0.5543593883138846,0,0.0,0.0,1990.3069,13.017548649458528,47.527777777777786,66.30783720930229
P0ABF6,12014.331542463167,294,40.865073273684246,0.19298245614035087,0.2803738317757009,0.17757009345794392,-0.003401360544217691,0.00032393909944930353,0.0003123698458975427,0.0006363089453468462,-1.1569253551760815e-05,0.0,5.419507026672362,-8.728084644914361,23,0.0782312925170068,0.0782312925170068,31539.498500000027,18.576466167780218,34.32312925170067,29.590495495495553
P0AEK2,11910.337696243418,243,49.013735375487315,0.1282051282051282,0.2734375,0.296875,-0.020576131687242802,0.0003895070195938966,0.0004064421074023269,0.0007959491269962234,1.6935087808430326e-05,-0.25,6.972234535217285,-0.02632148279095503,11,0.04526748971193416,0.04526748971193416,25428.81769999998,17.632930104786627,18.704115226337443,32.366668539325886
P03023,14128.105456982472,300,47.09368485660824,0.2413793103448276,0.3208955223880597,0.2462686567164179,-0.030000000000000002,0.0002777777777777778,0.0002888888888888889,0.0005666666666666667,1.1111111111111098e-05,0.0,5.858247184753417,-4.00881313419811,10,0.03333333333333333,0.03333333333333333,31997.285000000014,21.69894003625954,38.12166666666668,25.252208835341357
P0ACD8,21248.998365125353,581,36.5731469279266,0.19387755102040816,0.21428571428571427,0.13095238095238096,-0.012048192771084341,0.000180708079428607,0.0001895953620234565,0.0003703034414520635,8.887282594849497e-06,0.0,5.752015113830566,-11.185209877813747,54,0.09294320137693632,0.09294320137693632,64552.692000000185,23.875859376222785,30.140464716006875,11.470624725032996
P75853,16079.402867304148,308,52.20585346527321,0.26785714285714285,0.27007299270072993,0.1897810218978102,0.012987012987012984,0.000295159386068477,0.0003478664192949907,0.0006430258053634676,5.27070332265137e-05,-0.2,8.565930366516113,1.8403902293940924,26,0.08441558441558442,0.08441558441558442,33694.090699999986,22.733778194807783,36.55525974025973,10.854676742233401
P0A817,15892.311777719595,383,41.494286625899726,0.3894736842105263,0.2204724409448819,0.1732283464566929,0.005221932114882505,0.0003476743314086264,0.0002999543251368542,0.0006476286565454806,-4.772000627177223e-05,-0.16666666666666666,5.0962636947631825,-14.387977151739442,29,0.07571801566579635,0.07571801566579635,41819.936000000045,21.77557518661477,33.00939947780679,15.20039089055066
P0AB91,14287.262458236966,339,42.145316985949755,0.1,0.3333333333333333,0.20175438596491227,0.03267973856209151,0.00037378785937032766,0.00044854543124439323,0.0008223332906147209,7.475757187406557e-05,-0.2727272727272727,8.571732521057132,0.951773619575083,2,0.0058997050147492625,0.06060606060606061,3617.0978999999998,19.043567206386896,51.045454545454554,37.695434351447894
P0AEG6,11477.952982933823,216,53.138671217286216,0.1875,0.27710843373493976,0.3132530120481928,0.08333333333333334,0.0005144032921810699,0.0005358367626886146,0.0010502400548696846,2.1433470507544665e-05,0.0,5.856996726989746,-3.7401021507149963,13,0.06018518518518518,0.06018518518518518,23459.760399999992,18.756826402599128,38.83425925925925,38.5859512195122
P37182,7661.58084327762,162,47.293708909121115,0.3157894736842105,0.265625,0.234375,-0.018518518518518517,0.0008382868465172991,0.0004953513183965859,0.001333638164913885,-0.0003429355281207132,-0.25,4.612507057189941,-11.192951975831155,5,0.030864197530864196,0.030864197530864196,17474.170199999986,15.112053834697996,45.183333333333316,43.60237551020407
P03819,18733.580506699855,338,55.42479439852028,0.043478260869565216,0.3522727272727273,0.3977272727272727,-0.049079754601226995,0.0008280326696526027,0.0009033083668937484,0.001731341036546351,7.527569724114565e-05,-0.375,6.020806694030762,-6.023449324646306,21,0.0621301775147929,0.12,20032.600400000007,24.75446306977018,42.52742857142855,34.034026597709655
P0AC16,6926.182124075896,115,60.22767064413823,0.2564102564102564,0.34146341463414637,0.36585365853658536,-0.017391304347826084,0.0012854442344045367,0.0007561436672967863,0.002041587901701323,-0.0005293005671077504,-0.2,4.6376867294311515,-7.389553951372022,9,0.0782608695652174,0.07826086956521738,12792.507399999991,15.583474513883418,35.13304347826086,12.577411111111113
P0A9S3,15108.658125763477,346,43.66664198197537,0.2558139534883721,0.25663716814159293,0.19469026548672566,0.005780346820809246,0.00028400547963513645,0.00030906478666176617,0.0005930702662969026,2.5059307026629725e-05,0.0,5.9392427444458,-5.654397256746819,25,0.07225433526011561,0.0722543352601156,37389.704000000034,20.51700898870293,39.38760115606935,27.079364293871333
P0A772,7401.238406770801,131,56.49800310512062,0.36,0.35185185185185186,0.2962962962962963,-0.09923664122137404,0.0006992599498863703,0.0008740749373579628,0.0015733348872443331,0.00017481498747159247,0.0,9.353089332580566,2.8628194703433376,13,0.09923664122137404,0.09923664122137404,14808.604299999983,13.9913759696555,35.7389312977099,43.91260994263856
P19624,14170.792517308944,321,44.145771081959325,0.75,0.4375,0.375,-0.0425531914893617,0.001358080579447714,0.0009053870529651426,0.0022634676324128564,-0.0004526935264825714,-0.2,5.525000190734862,-0.23989838581069733,0,0.0,0.0,573.6396,20.427226091030256,-41.04,20.342306722689067
P17117,14177.712674400596,240,59.07380281000248,0.1935483870967742,0.3391304347826087,0.2956521739130435,-0.03333333333333333,0.00041666666666666664,0.0005034722222222222,0.000920138888888889,8.680555555555557e-05,-0.2,6.44408664703369,-1.8131071703999595,17,0.07083333333333333,0.07083333333333333,26800.365000000027,19.819481578674413,45.405833333333334,8.754191838897716
P0A8S9,8100.431565460932,98,82.65746495368298,0.0,0.3088235294117647,0.5,-0.010204081632653062,0.0008329862557267804,0.000937109537692628,0.0017700957934194085,0.00010412328196584761,-0.3333333333333333,5.865863609313963,-3.0607439523478295,5,0.05102040816326531,0.05102040816326531,11183.827899999991,17.424422918167398,39.75714285714284,37.423943661971855
Q47150,8152.544125696666,83,98.22342320116465,0.0,0.16666666666666666,0.8333333333333334,-0.043478260869565216,0.003780718336483932,0.001890359168241966,0.005671077504725898,-0.001890359168241966,-0.3333333333333333,5.668745994567872,-1.142471490751575,2,0.024096385542168676,0.03333333333333333,6632.531200000001,21.341617440288243,30.104999999999993,23.43493730407523
P30749,8443.673067802547,142,59.462486392975684,0.0,0.375,0.625,0.0,0.0034626038781163434,0.0013850415512465374,0.0048476454293628814,-0.002077562326869806,-0.2857142857142857,5.9217931747436525,-1.9740641638705672,11,0.07746478873239436,0.10576923076923078,11951.33039999999,15.940401441081363,52.31634615384615,22.19817703768625
P39315,11699.962823043386,275,42.545319356521404,0.35294117647058826,0.4,0.44,0.0136986301369863,0.000562957402889848,0.000562957402889848,0.001125914805779696,0.0,-0.16666666666666666,5.13764247894287,-8.403788858298263,14,0.05090909090909091,0.06930693069306931,21061.259799999985,18.96812923209122,23.703960396039584,20.94076608784476
P0AEK4,12310.026954877145,258,47.713282770841644,0.14285714285714285,0.23333333333333334,0.26666666666666666,-0.003875968992248062,0.0003906015263505799,0.00037557839072171144,0.0007661799170722913,-1.5023135628868456e-05,-0.25,5.568652534484862,-4.806696300933066,20,0.07751937984496124,0.07751937984496124,27361.9962,18.062688490347334,21.63837209302325,21.74056308654851
P77213,16256.943530140845,342,47.53492260275101,0.0,0.0,0.0,0.0,0.006920415224913495,0.0,0.006920415224913495,-0.006920415224913495,-0.5714285714285714,6.745276451110841,-0.15958120570022372,2,0.005847953216374269,0.09090909090909091,2414.779699999999,19.8559132105483,8.48181818181818,22.531643682444983
P42620,14921.683516517029,327,45.632059683538316,0.17857142857142858,0.1865671641791045,0.19402985074626866,-0.009174311926605505,0.00033667199730662403,0.00038343199693254405,0.000720103994239168,4.675999962592002e-05,-0.3333333333333333,5.996479606628417,-6.09232921878592,44,0.1345565749235474,0.1345565749235474,37254.40330000002,19.778720277379932,27.73639143730886,53.17327527451712
P05041,17060.161500449114,437,39.03927116807578,0.3373493975903614,0.3442622950819672,0.32786885245901637,-0.054151624548736454,0.0004561508686415827,0.00037795357687445423,0.0008341044455160368,-7.819729176712848e-05,-0.35294117647058826,5.187717628479002,-4.937696193573917,9,0.020594965675057208,0.05625,17383.65999999998,20.906857989676027,35.43249999999998,26.247339873052514
P32140,15598.395203121025,409,38.137885582203,0.2558139534883721,0.2849740932642487,0.13989637305699482,-0.0053763440860215075,0.00036131344664123023,0.00036131344664123023,0.0007226268932824605,0.0,-0.1,8.192722892761232,0.9237835195821518,1,0.0024449877750611247,0.02702702702702703,3890.6630000000005,19.92218146784302,42.92702702702703,20.58931263189631
P0A8Z3,7661.088702578236,129,59.38828451611035,0.35185185185185186,0.30303030303030304,0.30303030303030304,-0.05426356589147287,0.0008412955952166336,0.0009614806802475814,0.001802776275464215,0.00012018508503094775,-0.14285714285714285,6.387475013732909,-1.2375877661985193,14,0.10852713178294573,0.10852713178294573,14959.128199999985,15.5580864277556,35.405503875968975,24.203729781160792
P0AEJ2,15730.37800718773,379,41.50495516408372,0.17647058823529413,0.2672413793103448,0.22413793103448276,-0.0395778364116095,0.0002854338246043957,0.00029239562520450284,0.0005778294498088985,6.961800600107141e-06,0.0,5.825280570983887,-5.762287129889849,28,0.07387862796833773,0.07387862796833773,41597.70740000005,20.042260801048847,49.14670184696569,54.2501705320601
P00861,18519.973898974575,421,43.990436814666445,0.17525773195876287,0.2824427480916031,0.2366412213740458,-0.040380047505938245,0.0002651756647728234,0.0002933858418763153,0.0005585615066491387,2.8210177103491895e-05,-0.07142857142857142,5.720355796813965,-14.08462345577692,28,0.0665083135391924,0.0665083135391924,46319.78920000005,22.99649027217993,50.362470308788595,27.50986825980395
P0A7D7,11808.40740133179,228,51.79126053215697,0.42105263157894735,0.0,0.0,0.0,0.0028355387523629487,0.0028355387523629487,0.005671077504725897,0.0,0.0,6.308696174621583,-0.22977227903544684,2,0.008771929824561403,0.07142857142857142,3176.5409,17.240909973767398,64.35357142857143,23.009385290889117
P36979,15188.285092411099,333,45.610465742976274,0.2916666666666667,0.29927007299270075,0.21897810218978103,-0.009009009009009007,0.0003697391084778472,0.00040581121662202745,0.0007755503250998746,3.6072108144180246e-05,0.0,7.10876178741455,0.18532094281840727,24,0.07207207207207207,0.07207207207207207,37543.81100000004,21.303695200266844,35.93993993993993,30.590422053231983
P33136,23321.23390321204,480,48.58590396502508,0.0,0.16666666666666666,0.8333333333333334,0.07407407407407407,0.0013717421124828531,0.0027434842249657062,0.004115226337448559,0.0013717421124828531,-0.4,5.2566633224487305,-2.969832675086463,2,0.004166666666666667,0.07142857142857142,3217.419,24.37118850843617,19.185714285714287,36.334872462259206
P0AEJ6,16367.032732732905,453,36.1303150832956,0.11290322580645161,0.2318181818181818,0.16818181818181818,-0.008830022075055191,0.00027289251446086676,0.00020466938584565001,0.0004775619003065168,-6.822312861521674e-05,-0.25,4.789446830749512,-18.075444250432007,35,0.0772626931567329,0.0772626931567329,49402.497000000054,21.624541927605424,25.816997792494472,28.72194284064668
P69922,23803.051615157467,591,40.27589105779605,0.19327731092436976,0.1875,0.25416666666666665,-0.011844331641285961,0.00020041170289823953,0.0002004117028982395,0.00040082340579647907,-2.710505431213761e-20,-0.18181818181818182,5.5857042312622065,-14.117665391328018,48,0.08121827411167512,0.08121827411167512,64975.980100000146,25.77840000295902,37.34077834179358,28.639519420671473
P0AES0,25258.31123347459,582,43.39916019497352,0.32231404958677684,0.3148148148148148,0.16049382716049382,-0.013384321223709368,0.0002741939611521996,0.00023032292736784767,0.0005045168885200472,-4.387103378435193e-05,-0.0625,7.89500789642334,0.7331913037404281,5,0.00859106529209622,0.09090909090909091,6161.130299999999,25.622599783603693,52.25454545454543,36.89612587709985
P0A6C8,11763.145069485648,250,47.052580277942596,0.6,0.2692307692307692,0.6153846153846154,-0.04081632653061224,0.0020824656393169513,0.0012494793835901706,0.003331945022907122,-0.0008329862557267806,-0.2,9.750021171569824,0.7600916142893016,0,0.0,0.0,629.7493000000001,17.416489017694936,26.283333333333335,18.56145652173912
P0A6W5,9121.0139437193,151,60.40406585244569,0.5357142857142857,0.38028169014084506,0.38028169014084506,-0.014285714285714277,0.0012755102040816326,0.0008673469387755102,0.0021428571428571425,-0.00040816326530612236,-0.2,4.252602577209472,-2.2595782261232187,2,0.013245033112582781,0.18181818181818182,1367.5848,21.543934387050513,-6.345454545454546,24.432364261168413
P46852,10770.502702120137,227,47.44714846748959,0.6,0.0,1.0,-0.030303030303030304,0.0009182736455463728,0.0027548209366391185,0.0036730945821854912,0.0018365472910927458,-0.8,7.022423362731933,0.021624178953063455,0,0.0,0.0,429.4332,16.970748638976914,6.666666666666667,31.642171995589827
P15067,24328.151659954692,654,37.199008654364974,0.16176470588235295,0.22777777777777777,0.17222222222222222,-0.035168195718654434,0.000177687998578496,0.00019171599846627203,0.000369403997044768,1.4027999887776017e-05,-0.1111111111111111,5.646521949768067,-22.461918388537434,69,0.10550458715596331,0.10550458715596331,73215.33560000024,26.52167025646463,36.18211009174314,29.55494883182087
P33644,10301.804128937758,237,43.46752797020151,0.25,0.42857142857142855,0.2857142857142857,0.037974683544303806,0.000801153661272232,0.0014420765902900179,0.00224323025156225,0.0006409229290177858,0.0,5.57001667022705,-0.20412541214591307,2,0.008438818565400843,0.2857142857142857,849.027,17.067477676092683,26.2,17.770276056338055
P0A9D2,10307.248648054474,201,51.27984402017151,0.47619047619047616,0.3333333333333333,0.17647058823529413,0.01990049751243781,0.0006187965644414743,0.0006187965644414742,0.0012375931288829485,-1.0842021724855044e-19,-0.16666666666666666,5.848641395568847,-3.1382215007390677,20,0.09950248756218906,0.09950248756218905,22868.0888,16.99571370218049,34.1876119402985,21.49338089330024
P21888,20298.688981482836,461,44.03186330039661,0.30666666666666664,0.3188405797101449,0.14492753623188406,-0.015184381778741873,0.00032937921428941144,0.0003105575449014451,0.0006399367591908565,-1.8821669387966364e-05,-0.2222222222222222,5.325609016418457,-18.05547966403814,42,0.0911062906724512,0.0911062906724512,52201.51890000013,25.92091120960777,48.131670281995696,37.24081011938598
P0AC69,6733.355951136876,113,59.587220806521024,0.15789473684210525,0.31666666666666665,0.31666666666666665,0.02654867256637168,0.0010180906883859348,0.0007048320150364163,0.0017229227034223512,-0.00031325867334951847,-0.2,4.8286657333374015,-4.50448696830507,10,0.08849557522123894,0.08849557522123894,12678.424799999997,13.874163180763139,60.27168141592919,23.82816027088038
A0A140NA,5730.962847042288,90,63.677364967136526,0.37037037037037035,0.2571428571428571,0.4,0.05555555555555556,0.0009876543209876543,0.0019753086419753087,0.002962962962962963,0.0009876543209876543,0.0,9.52199649810791,5.109041064222174,10,0.1111111111111111,0.11111111111111112,10602.131399999993,12.396814652764336,25.58555555555554,13.97886515353805
P46853,15912.772816970111,340,46.802272991088564,0.3103448275862069,0.35135135135135137,0.3918918918918919,0.033707865168539325,0.0005996717586163363,0.000915288473677566,0.001514960232293902,0.00031561671506122975,-0.2727272727272727,4.751137351989747,-3.1424443716043777,5,0.014705882352941176,0.1,5546.0714,20.767029230678556,36.33200000000001,23.517124861059646
P0AEZ9,8361.487564178442,166,50.37040701312314,0.5,0.4,0.375,-0.05714285714285714,0.0014512471655328798,0.0009070294784580498,0.0023582766439909295,-0.00054421768707483,-0.3333333333333333,9.856329536437986,4.113979484105558,2,0.012048192771084338,0.058823529411764705,3858.416300000001,15.242273513369993,42.56470588235294,51.82019485580665
P69910,20757.392121504996,438,47.39130621348173,0.2777777777777778,0.26136363636363635,0.26136363636363635,-0.0045662100456621,0.0002971164070807531,0.00027105356435437123,0.0005681699714351244,-2.6062842726381878e-05,-0.21052631578947367,5.257061195373535,-12.782440660724937,49,0.11187214611872145,0.11187214611872145,49546.01440000002,23.474975883704754,36.16712328767121,26.952302178899075
P46130,17311.270169133135,397,43.605214531821495,0.11627906976744186,0.3541666666666667,0.1875,-0.030226700251889168,0.00022206853669523948,0.00020937890602694008,0.0004314474427221795,-1.2689630668299404e-05,-0.1875,5.464580345153809,-4.876143769624143,36,0.0906801007556675,0.09068010075566751,43159.23030000006,21.2490467539127,39.182367758186395,16.052900788436247
Q46845,14468.224975361702,284,50.94445413859754,0.16,0.25,0.2,0.007042253521126758,0.0003843483435826225,0.0004587383455663559,0.0008430866891489784,7.43900019837334e-05,-0.21428571428571427,6.355247306823729,-2.689774819045091,34,0.11971830985915492,0.11971830985915492,31929.712400000008,19.536090891830035,40.21588028169013,13.381121412803523
P11880,19272.835229712757,430,44.82054704584362,0.21739130434782608,0.4166666666666667,0.3888888888888889,0.0,0.0009073724007561437,0.0007561436672967863,0.00166351606805293,-0.00015122873345935737,0.0,4.531682014465332,-1.1603719192287978,0,0.0,0.0,943.0557000000001,25.75613302341054,90.25,51.74079495268136
P0A9T4,15104.370493057328,346,43.65424997993447,0.07692307692307693,0.2857142857142857,0.21768707482993196,-0.023121387283236997,0.00030071168431955626,0.0003508302983728156,0.0006515419826923719,5.011861405325934e-05,-0.09523809523809523,6.265725898742676,-3.515327314343864,30,0.08670520231213873,0.08670520231213873,38499.059100000064,19.39545927120284,30.778612716763,15.638398379970548
P0AEX9,15387.86890548383,370,41.588834879686026,0.23376623376623376,0.25153374233128833,0.20245398773006135,0.08130081300813008,0.0003598680973259597,0.00030845836913653694,0.0006683264664624966,-5.140972818942275e-05,0.0,5.220854759216308,-7.927603136562048,38,0.10270270270270271,0.10270270270270271,40706.78860000003,20.73838668691647,19.286756756756745,30.6175944055945
P0AFW4,6834.650386098488,135,50.62703989702583,0.42857142857142855,0.2631578947368421,0.2894736842105263,-0.04444444444444444,0.0010425240054869685,0.0005486968449931412,0.00159122085048011,-0.0004938271604938273,-1.0,4.482516288757325,-11.252183280207907,6,0.044444444444444446,0.04444444444444444,14795.703899999991,13.886313922505316,46.34370370370369,27.238003857280614
P37651,14499.876411854633,328,44.20694028004461,0.75,0.375,0.5625,0.02702702702702703,0.0029218407596785976,0.002191380569758948,0.005113221329437545,-0.0007304601899196495,-0.2857142857142857,6.7620439529418945,-0.14835593437968697,10,0.03048780487804878,0.17857142857142855,6634.261199999999,19.131774765740822,28.837500000000006,11.71768679245283
P0AEP3,14474.809159060895,286,50.611220835877255,0.35714285714285715,0.4117647058823529,0.4117647058823529,0.0759493670886076,0.001121615125781125,0.001121615125781125,0.00224323025156225,0.0,-0.14285714285714285,4.816900062561035,-5.893706835924047,6,0.02097902097902098,0.09836065573770492,7093.977599999998,19.471536469519066,39.98688524590164,29.121345802919592
P0A6N4,8716.847884791894,134,65.05110361784996,0.417910447761194,0.2857142857142857,0.2857142857142857,0.022388059701492536,0.001002450434395188,0.0006126085987970594,0.0016150590331922474,-0.0003898418355981286,-0.4,4.658830833435059,-7.4965652898009,16,0.11940298507462686,0.11940298507462685,15090.817299999993,18.56639958974394,22.07238805970149,86.37535714285714
P63883,15863.712349192343,348,45.585380313771104,0.36923076923076925,0.4444444444444444,0.3333333333333333,-0.008620689655172417,0.00066884661117717,0.0009661117717003568,0.0016349583828775267,0.00029726516052318676,-0.3333333333333333,8.202779960632324,0.8593123081868832,6,0.017241379310344827,0.06896551724137931,9517.951299999993,21.776844605185,37.29655172413792,40.01695587690014
P28632,5989.085576803023,102,58.71652526277474,0.2222222222222222,0.275,0.425,-0.0392156862745098,0.0008650519031141869,0.0005767012687427913,0.0014417531718569781,-0.0002883506343713956,-0.16666666666666666,4.835088539123535,-4.98113862827121,5,0.049019607843137254,0.049019607843137254,11125.619799999988,12.861936905050024,41.376470588235286,26.278040973111434
Q46891,11560.010194950384,256,45.15628982402494,0.0,0.0,0.0,-0.0,0.0,0.0,0.0,0.0,-0.5,5.295995903015137,-6.660713072619981,21,0.08203125,0.13548387096774195,17608.48439999998,17.60190287938697,33.88322580645159,16.924407027818443
P0A6D5,13901.756336658827,276,50.36868237919865,0.0,0.0,0.0,0.0,0.0,0.0,0.0,0.0,-0.5,5.525000190734862,-0.23989838581069733,1,0.0036231884057971015,0.3333333333333333,279.2917,19.172887030055126,6.666666666666667,37.548902671755734
P13035,20480.440992560896,494,41.458382576034204,0.2125984251968504,0.22459893048128343,0.18716577540106952,-0.02631578947368421,0.00025815863233293447,0.00030733170515825534,0.0005654903374911898,4.917307282532087e-05,-0.14285714285714285,6.750562477111817,-1.1404589068989992,49,0.09919028340080972,0.09919028340080971,55993.974800000055,22.928523673725937,42.09374493927127,33.922076903617445
P0A988,18144.655409784293,366,49.57556122891883,0.25748502994011974,0.32098765432098764,0.18518518518518517,-0.035519125683060114,0.0003433963390964197,0.0003060706500642002,0.00064946698916062,-3.732568903221952e-05,-0.047619047619047616,5.249785804748535,-10.845463116473482,22,0.060109289617486336,0.060109289617486336,40586.155400000054,25.401507782918937,42.49262295081968,25.08122714486638
P69829,7878.134313513079,150,52.52089542342053,0.11428571428571428,0.3333333333333333,0.2463768115942029,-0.013333333333333329,0.0007555555555555555,0.0008444444444444444,0.0016,8.888888888888889e-05,0.0,6.485238075256347,-0.8848771620888378,5,0.03333333333333333,0.03333333333333333,16611.006199999985,14.385402460185002,51.063333333333325,26.17543347639485
P0AEZ1,13483.851366285498,284,47.47834988128697,0.3333333333333333,0.3333333333333333,0.48148148148148145,-0.050420168067226885,0.0009180142645293411,0.0010592472283030858,0.001977261492832427,0.00014123296377374465,0.0,5.607416725158691,-3.2337146319945873,16,0.056338028169014086,0.09696969696969697,18525.149199999993,18.628053325302805,29.648545454545445,41.59376448771437
P07862,12869.753146805673,306,42.05801681962638,0.2647058823529412,0.28431372549019607,0.23529411764705882,0.00980392156862745,0.0003844675124951941,0.0002669913281216626,0.0006514588406168567,-0.00011747618437353151,-0.2857142857142857,4.772395133972168,-13.194380806683132,21,0.06862745098039216,0.06862745098039216,32839.329000000056,19.324853137117536,39.02686274509804,8.95482863340565
P76518,19059.256944306748,375,50.824685184817994,0.2777777777777778,0.2727272727272727,0.2922077922077922,0.0026666666666666644,0.0002631111111111111,0.0002773333333333333,0.0005404444444444444,1.4222222222222219e-05,-0.13333333333333333,5.773272895812987,-7.291697284789464,29,0.07733333333333334,0.07733333333333334,40993.59200000003,25.678522891903718,28.661066666666667,31.411528839471874
P02924,12560.326305673147,305,41.181397723518515,0.19402985074626866,0.30344827586206896,0.19310344827586207,0.0721311475409836,0.0004192421392098898,0.0004084923407686106,0.0008277344799785004,-1.074979844127924e-05,0.0,5.802658653259278,-2.944575627109046,23,0.07540983606557378,0.07540983606557378,33080.539999999986,20.099652893934568,23.10888524590164,18.251485319516455
P00962,23864.85363938048,529,45.113144875955534,0.23255813953488372,0.3157894736842105,0.21052631578947367,-0.01839080459770115,0.00033822169375082576,0.000348791121680539,0.0006870128154313648,1.0569427929713244e-05,-0.125,5.861373329162597,-1.97074347906163,10,0.01890359168241966,0.10638297872340424,10387.627999999992,30.353186631392745,30.87021276595744,45.698922645478035
Q46948,8933.72614742382,195,45.813980243199076,0.1282051282051282,0.36486486486486486,0.17567567567567569,0.010256410256410262,0.0005522682445759368,0.00047337278106508875,0.0010256410256410256,-7.889546351084808e-05,0.0,5.244101905822753,-5.28239945684976,11,0.05641025641025641,0.05641025641025641,20645.64809999999,15.51019386088105,24.83384615384614,14.24206896551722
P16384,15720.705057784815,305,51.54329527142562,0.15151515151515152,0.32515337423312884,0.3067484662576687,-0.049180327868852465,0.0004084923407686106,0.0004084923407686106,0.0008169846815372212,0.0,-0.1111111111111111,5.683012580871583,-6.458373638495715,22,0.07213114754098361,0.0721311475409836,34033.546100000014,20.76221709765667,39.10655737704918,23.256324572382116
P29208,13531.06855852828,298,45.40627033063181,0.0,0.0,0.0,-0.07142857142857142,0.0,0.00510204081632653,0.00510204081632653,0.00510204081632653,-0.5,5.179703330993651,-4.955947644537947,12,0.040268456375838924,0.06185567010309278,21500.420200000004,19.94436692677649,22.742783505154634,18.805046032441936
P0AFG8,30691.45919542308,801,38.31642845870547,0.06060606060606061,0.32919254658385094,0.16149068322981366,0.017391304347826084,0.0003528670447385003,0.0003864734299516908,0.000739340474690191,3.360638521319049e-05,-0.0625,4.942116355895995,-16.357548149606814,32,0.039950062421972535,0.0972644376899696,36503.52340000004,31.304533336700224,39.421610942249245,20.550427377385287
P09394,14374.481712671814,328,43.824639367901874,0.17647058823529413,0.35454545454545455,0.17272727272727273,0.05792682926829269,0.00046475312314098747,0.00042757287328970854,0.000892325996430696,-3.718024985127893e-05,0.0,5.268201637268065,-12.331655549708927,38,0.11585365853658537,0.11585365853658536,37669.0014,19.201599827072506,31.731402439024382,31.759244360902258
P12994,7803.586277374893,154,50.67263816477203,0.0,0.0,0.0,0.0,0.0,0.0,0.0,0.0,-1.0,5.525000190734862,-0.23989838581069733,1,0.006493506493506494,0.5,252.2664,14.678090194963287,5.0,19.79987190435527
P09155,19423.688960957083,375,51.79650389588555,0.0967741935483871,0.2968036529680365,0.2237442922374429,-0.032,0.00034133333333333335,0.0002986666666666667,0.0006399999999999999,-4.2666666666666656e-05,0.0,5.183682060241698,-11.856119587689811,32,0.08533333333333333,0.08533333333333333,42733.75860000003,24.156429617976176,46.809333333333335,20.480977718656423
P76194,8802.091159466814,140,62.872079710477244,1.0,0.25925925925925924,0.5555555555555556,-0.03571428571428571,0.002232142857142857,0.001913265306122449,0.0041454081632653055,-0.0003188775510204081,-0.1,10.835153007507323,2.284938204891032,0,0.0,0.0,2305.6059999999998,16.12207085176677,5.73,23.804382120946524
P0AD61,19871.34306202444,467,42.55105580733285,0.16049382716049382,0.3769230769230769,0.2,0.028985507246376815,0.00040327662255828606,0.0003528670447385003,0.0007561436672967863,-5.040957781978574e-05,-0.09090909090909091,9.41613941192627,4.023140755003524,4,0.008565310492505354,0.03278688524590164,12922.81039999999,24.00440581558661,21.9205737704918,24.804313505948127
P00914,20339.790706285155,469,43.368423680778584,0.2857142857142857,0.2727272727272727,0.1652892561983471,-0.038379530916844345,0.00023185928414582585,0.0002818681493537491,0.000513727433499575,5.000886520792325e-05,0.0,6.567086219787597,-2.278647075164862,48,0.1023454157782516,0.1023454157782516,53349.83900000008,23.555928145965293,42.45547974413644,17.84423832271762
P0A784,9423.198441685818,180,52.3511024538101,0.21875,0.2441860465116279,0.29069767441860467,-0.02222222222222222,0.0008641975308641976,0.0006790123456790124,0.00154320987654321,-0.00018518518518518515,-0.375,4.962578392028808,-10.065641856631949,16,0.08888888888888889,0.08888888888888888,20684.18250000001,16.737736331269193,41.84444444444444,15.611688400823615
P0A796,14517.44543366421,320,45.36701698020066,0.18333333333333332,0.26666666666666666,0.26,-0.025,0.00041015625000000004,0.000390625,0.0008007812500000001,-1.9531250000000017e-05,-0.2857142857142857,5.470150566101075,-7.889229754991817,22,0.06875,0.06875,34841.664300000004,22.21264290815588,30.67593749999999,38.73325935059593
P33362,12532.016569314319,281,44.59792373421466,0.25,0.2608695652173913,0.2391304347826087,0.04982206405693951,0.0003546054381276833,0.0003166119983282887,0.000671217436455972,-3.79934397993946e-05,0.0,5.353914833068848,-3.9998397203119573,22,0.07829181494661921,0.07829181494661921,30075.68739999996,19.584358217858668,36.439501779359425,21.084124293785283
P0A7Z0,8806.130482782566,163,54.025340385169116,0.0,0.0,0.0,0.0,0.0,0.0,0.0,0.0,-0.3333333333333333,4.558396339416505,-1.1619398603213198,1,0.006134969325153374,0.027777777777777776,3563.0634,15.825373854420612,-10.48055555555556,9.648242784380303
P32125,10714.528661219822,158,67.81347253936596,0.0,0.5,0.5,0.048780487804878044,0.0,0.0035693039857227844,0.0035693039857227844,0.0035693039857227844,-0.4,4.462622642517089,-11.863461368889658,6,0.0379746835443038,0.05128205128205129,13107.745499999986,17.70135957595704,35.76239316239315,45.42599351176
Q46927,11767.987126531989,243,48.42793056186004,0.2857142857142857,0.25,0.3181818181818182,-0.018957345971563976,0.0004716875182498147,0.0005166101390355113,0.000988297657285326,4.492262078569664e-05,-0.1,11.263867759704592,3.8442687995468865,3,0.012345679012345678,0.09375,3256.8637999999996,17.628818083220878,24.746875,35.14341744377397
B7MIY4,9495.466022379762,208,45.65127895374886,0.23333333333333334,0.23728813559322035,0.22033898305084745,-0.024038461538461536,0.0005085059171597633,0.0006009615384615385,0.0011094674556213018,9.245562130177519e-05,0.0,7.731887626647949,0.8513881317342893,17,0.08173076923076923,0.08173076923076923,22983.457700000003,16.37407862779982,30.139903846153842,26.727633209417593
P04036,13639.196503795038,272,50.14410479336411,0.2833333333333333,0.29213483146067415,0.21348314606741572,-0.011029411764705878,0.0004730752595155709,0.00045955882352941176,0.0009326340830449827,-1.351643598615916e-05,-0.125,5.448040199279785,-9.333591124640776,14,0.051470588235294115,0.051470588235294115,28625.091799999995,21.00469607819624,19.938235294117636,29.278726629610954
P27248,16421.66956846448,351,46.78538338593869,0.0,0.3333333333333333,0.6666666666666666,-0.0,0.0,0.0,0.0,0.0,0.0,10.324241065979002,3.945620874582342,1,0.002849002849002849,0.05,2083.5424999999996,21.028896382411972,9.470000000000002,13.759250741839756
P0A6K3,9039.28206864359,165,54.78352768874903,0.25,0.3728813559322034,0.1694915254237288,-0.012121212121212116,0.0011019283746556475,0.0009182736455463727,0.00202020202020202,-0.0001836547291092748,0.0,5.118885612487793,-8.154417408906756,5,0.030303030303030304,0.030303030303030304,18898.6629,15.819215996260501,28.82484848484847,21.957492447129933
P0A6Y1,7961.5656773627525,94,84.69750720598672,0.37037037037037035,0.39473684210526316,0.4473684210526316,0.0,0.001244907197827071,0.0019239474875509279,0.0031688546853779987,0.0006790402897238568,-0.2857142857142857,9.343805885314943,2.8694493329223114,6,0.06382978723404255,0.06382978723404255,10651.017299999989,18.880206713044252,39.19255319148934,50.63359145527366
P39408,11824.97176097157,259,45.656261625372856,0.06976744186046512,0.25203252032520324,0.23577235772357724,-0.030888030888030882,0.0004472205244406017,0.0005068499276993485,0.0009540704521399503,5.9629403258746824e-05,-0.125,6.142555809020995,-3.696355335006192,19,0.07335907335907337,0.07335907335907335,28908.74450000001,17.340192871710777,47.01351351351351,17.87764590485528
P24182,18465.96265918288,434,42.54830105802507,0.2727272727272727,0.25675675675675674,0.40540540540540543,0.02500000000000001,0.0005859375,0.00078125,0.0013671875000000001,0.00019531250000000007,-0.09090909090909091,5.751219367980957,-6.448203205596158,22,0.05069124423963134,0.0873015873015873,28683.411800000013,22.863669009215744,42.9194841269841,37.58689140811457
P66899,15377.916720873003,365,42.131278687323295,0.0,0.35714285714285715,0.6428571428571429,0.042553191489361694,0.0004526935264825713,0.0018107741059302852,0.0022634676324128564,0.001358080579447714,-0.46153846153846156,6.061276054382325,-1.6971527895558438,6,0.01643835616438356,0.05714285714285714,11347.826699999992,20.261493695236346,35.30571428571428,40.247755763688865
P0A7Y4,8717.326674642518,155,56.24081725575818,0.3617021276595745,0.2727272727272727,0.23636363636363636,0.006451612903225802,0.0007075962539021853,0.0009573361082206035,0.0016649323621227888,0.0002497398543184182,-0.125,8.42854824066162,1.932009513790657,13,0.08387096774193549,0.08387096774193549,17596.78779999999,15.506257250009563,17.112903225806456,20.48315024232632
P16525,18257.25688868178,305,59.85985865141567,0.40476190476190477,0.35344827586206895,0.3017241379310345,-0.01311475409836066,0.000333243751679656,0.0006019887127116367,0.0009352324643912927,0.0002687449610319807,-0.047619047619047616,9.514647102355958,10.268327142901335,20,0.06557377049180328,0.06557377049180327,35261.08350000003,23.28169036645225,42.884262295081975,63.53841683366724
P0A9J6,13315.095625992002,305,43.65605123276066,0.30666666666666664,0.26495726495726496,0.1794871794871795,-0.016393442622950817,0.00036549314700349373,0.0002794947594732599,0.0006449879064767535,-8.599838753023381e-05,0.0,4.914719963073729,-12.621900763705618,11,0.036065573770491806,0.0360655737704918,31760.49510000006,18.828596425984582,30.820983606557377,26.11312164579604
P0A8N7,14360.002355547624,297,48.35017628130513,0.41935483870967744,0.4528301886792453,0.39622641509433965,-0.0625,0.0006640625,0.0006250000000000001,0.0012890625000000003,-3.9062499999999926e-05,-0.3076923076923077,5.164527320861815,-5.866492998786093,11,0.037037037037037035,0.08029197080291971,15297.141499999983,19.2867494346951,35.778832116788315,27.404333753677964
P0A7F3,10681.41174317032,153,69.81314864817203,0.2571428571428571,0.23529411764705882,0.35294117647058826,0.01960784313725491,0.0007262164124909223,0.0008543722499893203,0.0015805886624802427,0.00012815583749839802,-0.2,6.8954450607299815,-0.16642706483166236,8,0.05228758169934641,0.05228758169934641,17120.433999999997,18.47483764529524,37.91437908496731,83.39771024146556
P05458,39982.646293988786,937,42.67091386765079,0.2,0.3171912832929782,0.15980629539951574,0.0192102454642476,0.0001298451312062271,0.0001287061388272251,0.0002585512700334522,-1.1389923790020007e-06,-0.08695652173913043,5.7100111007690435,-11.00549214302886,85,0.09071504802561366,0.09071504802561366,104868.80830000059,33.42194106718954,34.88689434365009,33.659450400325674
